2.000000000000000000e+01 0.000000000000000000e+00
2.998000000000000043e+01 0.000000000000000000e+00
3.996000000000000085e+01 0.000000000000000000e+00
4.993999999999999773e+01 0.000000000000000000e+00
5.992000000000000171e+01 0.000000000000000000e+00
6.990000000000000568e+01 0.000000000000000000e+00
7.987999999999999545e+01 0.000000000000000000e+00
8.985999999999999943e+01 0.000000000000000000e+00
9.984000000000000341e+01 0.000000000000000000e+00
1.098200000000000074e+02 0.000000000000000000e+00
1.198000000000000114e+02 0.000000000000000000e+00
1.297800000000000011e+02 0.000000000000000000e+00
1.397599999999999909e+02 0.000000000000000000e+00
1.497400000000000091e+02 0.000000000000000000e+00
1.597199999999999989e+02 0.000000000000000000e+00
1.697000000000000171e+02 0.000000000000000000e+00
1.796800000000000068e+02 0.000000000000000000e+00
1.896599999999999966e+02 3.424483964511391327e-06
1.996400000000000148e+02 3.424483964511381586e-06
2.096200000000000045e+02 0.000000000000000000e+00
2.196000000000000227e+02 0.000000000000000000e+00
2.295800000000000125e+02 0.000000000000000000e+00
2.395600000000000023e+02 0.000000000000000000e+00
2.495400000000000205e+02 0.000000000000000000e+00
2.595199999999999818e+02 2.739587171609120854e-05
2.695000000000000000e+02 3.424483964511381248e-05
2.794800000000000182e+02 6.164071136120487194e-05
2.894600000000000364e+02 4.451829153864795554e-05
2.994399999999999977e+02 4.794277550315961665e-05
3.094200000000000159e+02 4.109380757413657904e-05
3.194000000000000341e+02 5.479174343218210538e-05
3.293799999999999955e+02 4.451829153864821304e-05
3.393600000000000136e+02 2.739587171609105269e-05
3.493400000000000318e+02 5.136725946767072210e-05
3.593199999999999932e+02 3.424483964511400899e-05
3.693000000000000114e+02 4.794277550315933882e-05
3.792800000000000296e+02 2.397138775157966941e-05
3.892599999999999909e+02 3.766932360962541260e-05
3.992400000000000091e+02 4.451829153864795554e-05
4.092200000000000273e+02 3.082035568060243597e-05
4.192000000000000455e+02 4.109380757413657904e-05
4.291800000000000068e+02 2.739587171609120854e-05
4.391600000000000250e+02 2.739587171609105269e-05
4.491400000000000432e+02 3.766932360962519576e-05
4.591200000000000045e+02 2.739587171609120854e-05
4.691000000000000227e+02 3.082035568060243597e-05
4.790800000000000409e+02 3.424483964511381248e-05
4.890600000000000023e+02 2.739587171609120854e-05
4.990400000000000205e+02 3.424483964511381248e-05
5.090200000000000387e+02 2.397138775157966941e-05
5.190000000000000000e+02 2.739587171609120854e-05
5.289800000000000182e+02 1.369793585804552635e-05
5.389600000000000364e+02 3.424483964511381248e-05
5.489400000000000546e+02 2.739587171609105269e-05
5.589200000000000728e+02 3.082035568060243597e-05
5.688999999999999773e+02 2.054690378706852330e-05
5.788799999999999955e+02 2.397138775157966941e-05
5.888600000000000136e+02 3.082035568060243597e-05
5.988400000000000318e+02 2.054690378706828952e-05
6.088200000000000500e+02 2.739587171609105269e-05
6.188000000000000682e+02 2.054690378706828952e-05
6.287799999999999727e+02 2.397138775157994385e-05
6.387599999999999909e+02 2.397138775157966941e-05
6.487400000000000091e+02 2.054690378706828952e-05
6.587200000000000273e+02 2.739587171609105269e-05
6.687000000000000455e+02 1.712241982255690624e-05
6.786800000000000637e+02 2.054690378706828952e-05
6.886600000000000819e+02 2.397138775157966941e-05
6.986399999999999864e+02 2.054690378706852330e-05
7.086200000000000045e+02 2.054690378706828952e-05
7.186000000000000227e+02 1.712241982255690624e-05
7.285800000000000409e+02 2.739587171609105269e-05
7.385600000000000591e+02 1.369793585804552635e-05
7.485400000000000773e+02 1.027345189353414476e-05
7.585199999999999818e+02 2.054690378706852330e-05
7.685000000000000000e+02 2.739587171609105269e-05
7.784800000000000182e+02 2.397138775157966941e-05
7.884600000000000364e+02 2.054690378706828952e-05
7.984400000000000546e+02 1.369793585804552635e-05
8.084200000000000728e+02 2.739587171609105269e-05
8.184000000000000909e+02 1.027345189353414476e-05
8.283799999999999955e+02 1.369793585804568220e-05
8.383600000000000136e+02 1.712241982255690624e-05
8.483400000000000318e+02 2.397138775157966941e-05
8.583200000000000500e+02 1.369793585804552635e-05
8.683000000000000682e+02 1.027345189353414476e-05
8.782800000000000864e+02 2.054690378706828952e-05
8.882599999999999909e+02 1.027345189353426165e-05
8.982400000000000091e+02 2.739587171609105269e-05
9.082200000000000273e+02 1.027345189353414476e-05
9.182000000000000455e+02 1.369793585804552635e-05
9.281800000000000637e+02 1.712241982255690624e-05
9.381600000000000819e+02 1.369793585804552635e-05
9.481399999999999864e+02 1.712241982255710275e-05
9.581200000000000045e+02 1.712241982255690624e-05
9.681000000000000227e+02 1.369793585804552635e-05
9.780800000000000409e+02 2.397138775157966941e-05
9.880600000000000591e+02 1.369793585804552635e-05
9.980400000000000773e+02 1.027345189353414476e-05
1.008020000000000095e+03 1.369793585804552635e-05
1.018000000000000000e+03 1.369793585804568220e-05
1.027980000000000018e+03 1.369793585804552635e-05
1.037960000000000036e+03 1.369793585804552635e-05
1.047940000000000055e+03 1.712241982255690624e-05
1.057920000000000073e+03 6.848967929022763173e-06
1.067900000000000091e+03 1.369793585804552635e-05
1.077880000000000109e+03 1.712241982255690624e-05
1.087860000000000127e+03 1.369793585804552635e-05
1.097840000000000146e+03 1.027345189353414476e-05
1.107819999999999936e+03 1.712241982255729587e-05
1.117799999999999955e+03 1.712241982255690624e-05
1.127779999999999973e+03 3.424483964511381586e-06
1.137759999999999991e+03 2.397138775157966941e-05
1.147740000000000009e+03 6.848967929022763173e-06
1.157720000000000027e+03 2.054690378706828952e-05
1.167700000000000045e+03 6.848967929022763173e-06
1.177680000000000064e+03 1.027345189353414476e-05
1.187660000000000082e+03 1.027345189353414476e-05
1.197640000000000100e+03 1.027345189353414476e-05
1.207620000000000118e+03 1.027345189353414476e-05
1.217600000000000136e+03 1.369793585804552635e-05
1.227580000000000155e+03 1.369793585804552635e-05
1.237559999999999945e+03 1.369793585804583805e-05
1.247539999999999964e+03 1.712241982255690624e-05
1.257519999999999982e+03 3.424483964511381586e-06
1.267500000000000000e+03 1.027345189353414476e-05
1.277480000000000018e+03 1.369793585804552635e-05
1.287460000000000036e+03 1.369793585804552635e-05
1.297440000000000055e+03 1.369793585804552635e-05
1.307420000000000073e+03 1.369793585804552635e-05
1.317400000000000091e+03 3.424483964511381586e-06
1.327380000000000109e+03 6.848967929022763173e-06
1.337360000000000127e+03 1.712241982255690624e-05
1.347340000000000146e+03 1.369793585804552635e-05
1.357320000000000164e+03 1.027345189353414476e-05
1.367299999999999955e+03 6.848967929022919027e-06
1.377279999999999973e+03 6.848967929022763173e-06
1.387259999999999991e+03 2.054690378706828952e-05
1.397240000000000009e+03 1.369793585804552635e-05
1.407220000000000027e+03 1.369793585804552635e-05
1.417200000000000045e+03 0.000000000000000000e+00
1.427180000000000064e+03 1.027345189353414476e-05
1.437160000000000082e+03 6.848967929022763173e-06
1.447140000000000100e+03 1.712241982255690624e-05
1.457120000000000118e+03 6.848967929022763173e-06
1.467100000000000136e+03 1.027345189353414476e-05
1.477080000000000155e+03 1.712241982255690624e-05
1.487060000000000173e+03 0.000000000000000000e+00
1.497039999999999964e+03 6.848967929022919027e-06
1.507019999999999982e+03 1.712241982255690624e-05
1.517000000000000000e+03 1.369793585804552635e-05
1.526980000000000018e+03 3.424483964511381586e-06
1.536960000000000036e+03 6.848967929022763173e-06
1.546940000000000055e+03 1.712241982255690624e-05
1.556920000000000073e+03 3.424483964511381586e-06
1.566900000000000091e+03 6.848967929022763173e-06
1.576880000000000109e+03 1.369793585804552635e-05
1.586860000000000127e+03 6.848967929022763173e-06
1.596840000000000146e+03 1.027345189353414476e-05
1.606820000000000164e+03 1.712241982255690624e-05
1.616800000000000182e+03 0.000000000000000000e+00
1.626779999999999973e+03 1.369793585804583805e-05
1.636759999999999991e+03 1.712241982255690624e-05
1.646740000000000009e+03 0.000000000000000000e+00
1.656720000000000027e+03 6.848967929022763173e-06
1.666700000000000045e+03 1.369793585804552635e-05
1.676680000000000064e+03 6.848967929022763173e-06
1.686660000000000082e+03 1.369793585804552635e-05
1.696640000000000100e+03 1.027345189353414476e-05
1.706620000000000118e+03 3.424483964511381586e-06
1.716600000000000136e+03 6.848967929022763173e-06
1.726580000000000155e+03 6.848967929022763173e-06
1.736560000000000173e+03 1.027345189353414476e-05
1.746539999999999964e+03 1.027345189353437854e-05
1.756519999999999982e+03 6.848967929022763173e-06
1.766500000000000000e+03 1.027345189353414476e-05
1.776480000000000018e+03 3.424483964511381586e-06
1.786460000000000036e+03 6.848967929022763173e-06
1.796440000000000055e+03 1.712241982255690624e-05
1.806420000000000073e+03 3.424483964511381586e-06
1.816400000000000091e+03 6.848967929022763173e-06
1.826380000000000109e+03 6.848967929022763173e-06
1.836360000000000127e+03 6.848967929022763173e-06
1.846340000000000146e+03 1.027345189353414476e-05
1.856320000000000164e+03 1.027345189353414476e-05
1.866300000000000182e+03 1.027345189353414476e-05
1.876279999999999973e+03 3.424483964511459513e-06
1.886259999999999991e+03 1.369793585804552635e-05
1.896240000000000009e+03 0.000000000000000000e+00
1.906220000000000027e+03 6.848967929022763173e-06
1.916200000000000045e+03 1.369793585804552635e-05
1.926180000000000064e+03 6.848967929022763173e-06
1.936160000000000082e+03 1.027345189353414476e-05
1.946140000000000100e+03 3.424483964511381586e-06
1.956120000000000118e+03 6.848967929022763173e-06
1.966100000000000136e+03 6.848967929022763173e-06
1.976080000000000155e+03 6.848967929022763173e-06
1.986060000000000173e+03 1.027345189353414476e-05
1.996040000000000191e+03 6.848967929022763173e-06
2.006019999999999982e+03 1.369793585804583805e-05
2.016000000000000000e+03 3.424483964511381586e-06
2.025980000000000018e+03 6.848967929022763173e-06
2.035960000000000036e+03 6.848967929022763173e-06
2.045940000000000055e+03 6.848967929022763173e-06
2.055920000000000073e+03 6.848967929022763173e-06
2.065900000000000091e+03 6.848967929022763173e-06
2.075880000000000109e+03 6.848967929022763173e-06
2.085860000000000127e+03 6.848967929022763173e-06
2.095840000000000146e+03 6.848967929022763173e-06
2.105820000000000164e+03 6.848967929022763173e-06
2.115800000000000182e+03 6.848967929022763173e-06
2.125780000000000200e+03 3.424483964511381586e-06
2.135760000000000218e+03 1.027345189353414476e-05
2.145740000000000236e+03 3.424483964511381586e-06
2.155720000000000255e+03 1.027345189353414476e-05
2.165700000000000273e+03 6.848967929022763173e-06
2.175680000000000291e+03 6.848967929022763173e-06
2.185660000000000309e+03 1.027345189353414476e-05
2.195639999999999873e+03 3.424483964511537864e-06
2.205619999999999891e+03 1.369793585804552635e-05
2.215599999999999909e+03 0.000000000000000000e+00
2.225579999999999927e+03 3.424483964511381586e-06
2.235559999999999945e+03 1.027345189353414476e-05
2.245539999999999964e+03 1.369793585804552635e-05
2.255519999999999982e+03 0.000000000000000000e+00
2.265500000000000000e+03 1.027345189353414476e-05
2.275480000000000018e+03 3.424483964511381586e-06
2.285460000000000036e+03 1.027345189353414476e-05
2.295440000000000055e+03 3.424483964511381586e-06
2.305420000000000073e+03 0.000000000000000000e+00
2.315400000000000091e+03 1.369793585804552635e-05
2.325380000000000109e+03 0.000000000000000000e+00
2.335360000000000127e+03 1.027345189353414476e-05
2.345340000000000146e+03 3.424483964511381586e-06
2.355320000000000164e+03 1.027345189353414476e-05
2.365300000000000182e+03 3.424483964511381586e-06
2.375280000000000200e+03 1.027345189353414476e-05
2.385260000000000218e+03 3.424483964511381586e-06
2.395240000000000236e+03 1.027345189353414476e-05
2.405220000000000255e+03 3.424483964511381586e-06
2.415200000000000273e+03 0.000000000000000000e+00
2.425180000000000291e+03 6.848967929022763173e-06
2.435160000000000309e+03 6.848967929022763173e-06
2.445140000000000327e+03 1.369793585804552635e-05
2.455119999999999891e+03 3.424483964511537864e-06
2.465099999999999909e+03 6.848967929022763173e-06
2.475079999999999927e+03 6.848967929022763173e-06
2.485059999999999945e+03 6.848967929022763173e-06
2.495039999999999964e+03 6.848967929022763173e-06
2.505019999999999982e+03 3.424483964511381586e-06
2.515000000000000000e+03 1.369793585804552635e-05
2.524980000000000018e+03 0.000000000000000000e+00
2.534960000000000036e+03 1.369793585804552635e-05
2.544940000000000055e+03 0.000000000000000000e+00
2.554920000000000073e+03 1.027345189353414476e-05
2.564900000000000091e+03 3.424483964511381586e-06
2.574880000000000109e+03 0.000000000000000000e+00
2.584860000000000127e+03 1.027345189353414476e-05
2.594840000000000146e+03 3.424483964511381586e-06
2.604820000000000164e+03 0.000000000000000000e+00
2.614800000000000182e+03 1.369793585804552635e-05
2.624780000000000200e+03 0.000000000000000000e+00
2.634760000000000218e+03 6.848967929022763173e-06
2.644740000000000236e+03 6.848967929022763173e-06
2.654720000000000255e+03 0.000000000000000000e+00
2.664700000000000273e+03 1.369793585804552635e-05
2.674680000000000291e+03 0.000000000000000000e+00
2.684660000000000309e+03 6.848967929022763173e-06
2.694640000000000327e+03 6.848967929022763173e-06
2.704619999999999891e+03 6.848967929023075728e-06
2.714599999999999909e+03 6.848967929022763173e-06
2.724579999999999927e+03 3.424483964511381586e-06
2.734559999999999945e+03 6.848967929022763173e-06
2.744539999999999964e+03 3.424483964511381586e-06
2.754519999999999982e+03 6.848967929022763173e-06
2.764500000000000000e+03 6.848967929022763173e-06
2.774480000000000018e+03 0.000000000000000000e+00
2.784460000000000036e+03 1.027345189353414476e-05
2.794440000000000055e+03 3.424483964511381586e-06
2.804420000000000073e+03 6.848967929022763173e-06
2.814400000000000091e+03 6.848967929022763173e-06
2.824380000000000109e+03 0.000000000000000000e+00
2.834360000000000127e+03 1.369793585804552635e-05
2.844340000000000146e+03 0.000000000000000000e+00
2.854320000000000164e+03 0.000000000000000000e+00
2.864300000000000182e+03 6.848967929022763173e-06
2.874280000000000200e+03 6.848967929022763173e-06
2.884260000000000218e+03 6.848967929022763173e-06
2.894240000000000236e+03 6.848967929022763173e-06
2.904220000000000255e+03 0.000000000000000000e+00
2.914200000000000273e+03 3.424483964511381586e-06
2.924180000000000291e+03 1.027345189353414476e-05
2.934160000000000309e+03 0.000000000000000000e+00
2.944140000000000327e+03 0.000000000000000000e+00
2.954120000000000346e+03 1.369793585804552635e-05
2.964099999999999909e+03 0.000000000000000000e+00
2.974079999999999927e+03 1.369793585804552635e-05
2.984059999999999945e+03 0.000000000000000000e+00
2.994039999999999964e+03 1.369793585804552635e-05
3.004019999999999982e+03 0.000000000000000000e+00
3.014000000000000000e+03 0.000000000000000000e+00
3.023980000000000018e+03 0.000000000000000000e+00
3.033960000000000036e+03 1.369793585804552635e-05
3.043940000000000055e+03 0.000000000000000000e+00
3.053920000000000073e+03 1.027345189353414476e-05
3.063900000000000091e+03 3.424483964511381586e-06
3.073880000000000109e+03 0.000000000000000000e+00
3.083860000000000127e+03 3.424483964511381586e-06
3.093840000000000146e+03 1.027345189353414476e-05
3.103820000000000164e+03 0.000000000000000000e+00
3.113800000000000182e+03 0.000000000000000000e+00
3.123780000000000200e+03 1.369793585804552635e-05
3.133760000000000218e+03 3.424483964511381586e-06
3.143740000000000236e+03 1.027345189353414476e-05
3.153720000000000255e+03 0.000000000000000000e+00
3.163700000000000273e+03 6.848967929022763173e-06
3.173680000000000291e+03 6.848967929022763173e-06
3.183660000000000309e+03 0.000000000000000000e+00
3.193640000000000327e+03 1.027345189353414476e-05
3.203620000000000346e+03 3.424483964511381586e-06
3.213600000000000364e+03 0.000000000000000000e+00
3.223579999999999927e+03 3.424483964511537864e-06
3.233559999999999945e+03 1.369793585804552635e-05
3.243539999999999964e+03 0.000000000000000000e+00
3.253519999999999982e+03 6.848967929022763173e-06
3.263500000000000000e+03 6.848967929022763173e-06
3.273480000000000018e+03 0.000000000000000000e+00
3.283460000000000036e+03 6.848967929022763173e-06
3.293440000000000055e+03 6.848967929022763173e-06
3.303420000000000073e+03 0.000000000000000000e+00
3.313400000000000091e+03 1.027345189353414476e-05
3.323380000000000109e+03 3.424483964511381586e-06
3.333360000000000127e+03 0.000000000000000000e+00
3.343340000000000146e+03 0.000000000000000000e+00
3.353320000000000164e+03 1.369793585804552635e-05
3.363300000000000182e+03 3.424483964511381586e-06
3.373280000000000200e+03 0.000000000000000000e+00
3.383260000000000218e+03 3.424483964511381586e-06
3.393240000000000236e+03 1.027345189353414476e-05
3.403220000000000255e+03 0.000000000000000000e+00
3.413200000000000273e+03 3.424483964511381586e-06
3.423180000000000291e+03 1.027345189353414476e-05
3.433160000000000309e+03 0.000000000000000000e+00
3.443140000000000327e+03 3.424483964511381586e-06
3.453120000000000346e+03 1.369793585804552635e-05
3.463100000000000364e+03 3.424483964511381586e-06
3.473079999999999927e+03 3.424483964511537864e-06
3.483059999999999945e+03 1.027345189353414476e-05
3.493039999999999964e+03 0.000000000000000000e+00
3.503019999999999982e+03 3.424483964511381586e-06
3.513000000000000000e+03 1.027345189353414476e-05
3.522980000000000018e+03 0.000000000000000000e+00
3.532960000000000036e+03 0.000000000000000000e+00
3.542940000000000055e+03 6.848967929022763173e-06
3.552920000000000073e+03 6.848967929022763173e-06
3.562900000000000091e+03 0.000000000000000000e+00
3.572880000000000109e+03 3.424483964511381586e-06
3.582860000000000127e+03 1.027345189353414476e-05
3.592840000000000146e+03 0.000000000000000000e+00
3.602820000000000164e+03 3.424483964511381586e-06
3.612800000000000182e+03 1.027345189353414476e-05
3.622780000000000200e+03 0.000000000000000000e+00
3.632760000000000218e+03 0.000000000000000000e+00
3.642740000000000236e+03 3.424483964511381586e-06
3.652720000000000255e+03 1.027345189353414476e-05
3.662700000000000273e+03 0.000000000000000000e+00
3.672680000000000291e+03 3.424483964511381586e-06
3.682660000000000309e+03 1.027345189353414476e-05
3.692640000000000327e+03 0.000000000000000000e+00
3.702620000000000346e+03 3.424483964511381586e-06
3.712600000000000364e+03 1.027345189353414476e-05
3.722580000000000382e+03 0.000000000000000000e+00
3.732559999999999945e+03 0.000000000000000000e+00
3.742539999999999964e+03 0.000000000000000000e+00
3.752519999999999982e+03 1.369793585804552635e-05
3.762500000000000000e+03 0.000000000000000000e+00
3.772480000000000018e+03 3.424483964511381586e-06
3.782460000000000036e+03 1.027345189353414476e-05
3.792440000000000055e+03 0.000000000000000000e+00
3.802420000000000073e+03 0.000000000000000000e+00
3.812400000000000091e+03 0.000000000000000000e+00
3.822380000000000109e+03 1.369793585804552635e-05
3.832360000000000127e+03 0.000000000000000000e+00
3.842340000000000146e+03 3.424483964511381586e-06
3.852320000000000164e+03 3.424483964511381586e-06
3.862300000000000182e+03 6.848967929022763173e-06
3.872280000000000200e+03 0.000000000000000000e+00
3.882260000000000218e+03 3.424483964511381586e-06
3.892240000000000236e+03 1.027345189353414476e-05
3.902220000000000255e+03 0.000000000000000000e+00
3.912200000000000273e+03 0.000000000000000000e+00
3.922180000000000291e+03 6.848967929022763173e-06
3.932160000000000309e+03 6.848967929022763173e-06
3.942140000000000327e+03 0.000000000000000000e+00
3.952120000000000346e+03 1.027345189353414476e-05
3.962100000000000364e+03 3.424483964511381586e-06
3.972080000000000382e+03 0.000000000000000000e+00
3.982059999999999945e+03 0.000000000000000000e+00
3.992039999999999964e+03 3.424483964511381586e-06
4.002019999999999982e+03 1.027345189353414476e-05
4.012000000000000000e+03 0.000000000000000000e+00
4.021980000000000018e+03 0.000000000000000000e+00
4.031960000000000036e+03 3.424483964511381586e-06
4.041940000000000055e+03 1.027345189353414476e-05
4.051920000000000073e+03 0.000000000000000000e+00
4.061900000000000091e+03 0.000000000000000000e+00
4.071880000000000109e+03 6.848967929022763173e-06
4.081860000000000127e+03 6.848967929022763173e-06
4.091840000000000146e+03 0.000000000000000000e+00
4.101819999999999709e+03 3.424483964511537864e-06
4.111800000000000182e+03 1.027345189353367720e-05
4.121779999999999745e+03 0.000000000000000000e+00
4.131760000000000218e+03 0.000000000000000000e+00
4.141739999999999782e+03 3.424483964511537864e-06
4.151720000000000255e+03 1.027345189353367720e-05
4.161699999999999818e+03 0.000000000000000000e+00
4.171680000000000291e+03 0.000000000000000000e+00
4.181659999999999854e+03 6.848967929023075728e-06
4.191640000000000327e+03 1.027345189353367720e-05
4.201619999999999891e+03 0.000000000000000000e+00
4.211600000000000364e+03 4.177870436703695427e-04
4.221579999999999927e+03 2.064963830600457292e-03
4.231560000000000400e+03 1.657450238823433017e-03
4.241539999999999964e+03 9.143372185245804678e-04
4.251520000000000437e+03 8.150271835536716802e-04
4.261500000000000000e+03 8.972147987020228331e-04
4.271480000000000473e+03 8.526965071632950938e-04
4.281460000000000036e+03 9.246106704181150920e-04
4.291440000000000509e+03 7.807823439085594466e-04
4.301420000000000073e+03 8.184516675182574533e-04
4.311400000000000546e+03 6.061336617184868818e-04
4.321380000000000109e+03 6.129826296475652950e-04
4.331360000000000582e+03 5.616153701798409998e-04
4.341340000000000146e+03 6.301050494701228213e-04
4.351320000000000618e+03 6.369540173990879354e-04
4.361300000000000182e+03 5.581908862153806689e-04
4.371279999999999745e+03 5.650398541444036794e-04
4.381260000000000218e+03 6.814723089377338174e-04
4.391239999999999782e+03 6.027091777540305624e-04
4.401220000000000255e+03 6.472274692926215838e-04
4.411199999999999818e+03 7.054436966893766958e-04
4.421180000000000291e+03 6.335295334345767554e-04
4.431159999999999854e+03 6.780478249732844369e-04
4.441140000000000327e+03 6.883212768667562858e-04
4.451119999999999891e+03 7.294150844409574494e-04
4.461100000000000364e+03 6.575009211861553406e-04
4.471079999999999927e+03 7.020192127248651905e-04
4.481060000000000400e+03 7.157171485828460510e-04
4.491039999999999964e+03 6.917457608313305664e-04
4.501020000000000437e+03 6.951702447957788626e-04
4.511000000000000000e+03 7.431130202990036872e-04
4.520980000000000473e+03 6.985947287602900426e-04
4.530960000000000036e+03 7.499619882280268062e-04
4.540940000000000509e+03 7.362640523699134562e-04
4.550920000000000073e+03 8.116026995892344428e-04
4.560900000000000546e+03 7.979047637311155634e-04
4.570880000000000109e+03 9.383086062761613298e-04
4.580860000000000582e+03 8.150271835536716802e-04
4.590840000000000146e+03 7.157171485829114284e-04
4.600820000000000618e+03 7.054436966893124026e-04
4.610800000000000182e+03 8.869413468084882089e-04
4.620779999999999745e+03 7.533864721925382030e-04
4.630760000000000218e+03 8.526965071632950938e-04
4.640739999999999782e+03 1.243087679117688225e-03
4.650720000000000255e+03 9.006392826664523727e-04
4.660699999999999818e+03 2.945056209479922707e-04
4.670680000000000291e+03 3.047790728414990309e-04
4.680659999999999854e+03 2.876566530189691518e-04
4.690640000000000327e+03 3.219014926640552019e-04
4.700619999999999891e+03 2.465628454448307093e-04
4.710600000000000364e+03 3.321749445575889045e-04
4.720579999999999927e+03 3.321749445576191537e-04
4.730560000000000400e+03 2.842321690544317341e-04
4.740539999999999964e+03 2.362893935512960851e-04
4.750520000000000437e+03 1.917711020126286275e-04
4.760500000000000000e+03 2.191669737287384233e-04
4.770480000000000473e+03 2.054690378706735101e-04
4.780460000000000036e+03 1.575262623675307053e-04
4.790440000000000509e+03 2.191669737287184469e-04
4.800420000000000073e+03 2.020445539061807344e-04
4.810400000000000546e+03 2.225914576932296540e-04
4.820380000000000109e+03 1.951955859771576426e-04
4.830360000000000582e+03 1.883466180481173933e-04
4.840340000000000146e+03 2.294404256222730204e-04
4.850320000000000618e+03 2.088935218351847714e-04
4.860300000000000182e+03 2.602607813028768387e-04
4.870280000000000655e+03 2.328649095867633295e-04
4.880260000000000218e+03 2.465628454448307093e-04
4.890239999999999782e+03 2.294404256222730204e-04
4.900220000000000255e+03 2.362893935512745637e-04
4.910199999999999818e+03 2.157424897642268638e-04
4.920180000000000291e+03 2.054690378706735101e-04
4.930159999999999854e+03 2.534118133738537740e-04
4.940140000000000327e+03 2.945056209479654367e-04
4.950119999999999891e+03 2.191669737287384233e-04
4.960100000000000364e+03 2.739587171608980857e-04
4.970079999999999927e+03 2.157424897642268638e-04
4.980060000000000400e+03 3.184770086995439677e-04
4.990039999999999964e+03 2.568362973383653334e-04
5.000020000000000437e+03 2.499873294093194463e-04
5.010000000000000000e+03 2.260159416577614880e-04
5.019980000000000473e+03 2.910811369834541483e-04
5.029960000000000036e+03 2.979301049125037217e-04
5.039940000000000509e+03 2.945056209479654367e-04
5.049920000000000073e+03 2.773832011254345818e-04
5.059900000000000546e+03 3.458728804156337871e-04
5.069880000000000109e+03 7.088681806538883095e-04
5.079860000000000582e+03 6.814723089377338174e-04
5.089840000000000146e+03 5.444929503573344310e-04
5.099820000000000618e+03 4.794277550315715415e-04
5.109800000000000182e+03 3.938156559188267904e-04
5.119780000000000655e+03 1.917711020126286275e-04
5.129760000000000218e+03 1.951955859771576426e-04
5.139739999999999782e+03 1.712241982255768890e-04
5.149720000000000255e+03 1.814976501190949248e-04
5.159699999999999818e+03 1.746486821900884213e-04
5.169680000000000291e+03 1.575262623675163667e-04
5.179659999999999854e+03 2.054690378706922396e-04
5.189640000000000327e+03 1.609507463320276009e-04
5.199619999999999891e+03 2.054690378706922396e-04
5.209600000000000364e+03 1.609507463320276009e-04
5.219579999999999927e+03 1.609507463320422648e-04
5.229560000000000400e+03 1.609507463320276009e-04
5.239539999999999964e+03 9.588555100632305511e-05
5.249520000000000437e+03 1.438283265094714570e-04
5.259500000000000000e+03 1.472528104739961353e-04
5.269480000000000473e+03 1.472528104739827183e-04
5.279460000000000036e+03 1.780731661545999537e-04
5.289440000000000509e+03 1.609507463320276009e-04
5.299420000000000073e+03 1.232814227224153546e-04
5.309400000000000546e+03 1.472528104739827183e-04
5.319380000000000109e+03 1.609507463320422648e-04
5.329360000000000582e+03 1.849221340836061862e-04
5.339340000000000146e+03 1.643752302965537971e-04
5.349320000000000618e+03 1.814976501190949248e-04
5.359300000000000182e+03 1.677997142610653295e-04
5.369280000000000655e+03 1.609507463320276009e-04
5.379260000000000218e+03 1.917711020126461102e-04
5.389239999999999782e+03 1.643752302965537971e-04
5.399220000000000255e+03 1.609507463320276009e-04
5.409199999999999818e+03 1.404038425449730164e-04
5.419180000000000291e+03 1.472528104739827183e-04
5.429159999999999854e+03 1.986200699416691749e-04
5.439140000000000327e+03 1.677997142610500422e-04
5.449119999999999891e+03 1.609507463320422648e-04
5.459100000000000364e+03 1.643752302965388351e-04
5.469079999999999927e+03 1.335548746159499788e-04
5.479060000000000400e+03 2.191669737287184469e-04
5.489039999999999964e+03 4.965501748541729238e-04
5.499020000000000437e+03 4.143625597058582543e-04
5.509000000000000000e+03 3.458728804156652832e-04
5.518980000000000473e+03 3.390239124866113187e-04
5.528960000000000036e+03 3.321749445576191537e-04
5.538940000000000509e+03 3.390239124866113187e-04
5.548920000000000073e+03 3.561463323091999074e-04
5.558900000000000546e+03 2.979301049124766167e-04
5.568880000000000109e+03 2.876566530189691518e-04
5.578860000000000582e+03 1.849221340836061862e-04
5.588840000000000146e+03 1.027345189353461198e-04
5.598820000000000618e+03 1.438283265094714570e-04
5.608800000000000182e+03 1.061590028998576522e-04
5.618780000000000655e+03 1.164324547933816647e-04
5.628760000000000218e+03 1.232814227224153546e-04
5.638740000000000691e+03 1.369793585804490428e-04
5.648720000000000255e+03 1.061590028998576522e-04
5.658699999999999818e+03 1.335548746159499788e-04
5.668680000000000291e+03 1.198569387578928854e-04
5.678659999999999854e+03 9.246106704181152275e-05
5.688640000000000327e+03 1.232814227224041060e-04
5.698619999999999891e+03 1.061590028998576522e-04
5.708600000000000364e+03 1.301303906514265744e-04
5.718579999999999927e+03 1.130079708288807440e-04
5.728560000000000400e+03 1.027345189353367550e-04
5.738539999999999964e+03 9.246106704181152275e-05
5.748520000000000437e+03 1.061590028998479892e-04
5.758500000000000000e+03 1.232814227224153546e-04
5.768480000000000473e+03 1.472528104739827183e-04
5.778460000000000036e+03 1.472528104739961353e-04
5.788440000000000509e+03 1.164324547933816647e-04
5.798420000000000073e+03 1.267059066869268870e-04
5.808400000000000546e+03 1.335548746159378086e-04
5.818380000000000109e+03 1.232814227224153546e-04
5.828360000000000582e+03 9.246106704180309308e-05
5.838340000000000146e+03 1.404038425449730164e-04
5.848320000000000618e+03 1.404038425449602499e-04
5.858300000000000182e+03 1.164324547933922764e-04
5.868280000000000655e+03 1.335548746159378086e-04
5.878260000000000218e+03 1.267059066869268870e-04
5.888240000000000691e+03 1.232814227224041060e-04
5.898220000000000255e+03 1.438283265094845759e-04
5.908199999999999818e+03 2.808076850899460328e-04
5.918180000000000291e+03 3.492973643801450213e-04
5.928159999999999854e+03 2.808076850899460328e-04
5.938140000000000327e+03 2.636852652673643289e-04
5.948119999999999891e+03 2.294404256222730204e-04
5.958100000000000364e+03 2.123180057996959785e-04
5.968079999999999927e+03 2.431383614803191769e-04
5.978060000000000400e+03 2.979301049124766167e-04
5.988039999999999964e+03 1.951955859771576426e-04
5.998020000000000437e+03 2.431383614802970321e-04
6.008000000000000000e+03 2.636852652673883982e-04
6.017980000000000473e+03 2.465628454448082121e-04
6.027960000000000036e+03 2.088935218352037991e-04
6.037940000000000509e+03 1.883466180481173933e-04
6.047920000000000073e+03 1.095834868643692116e-04
6.057900000000000546e+03 9.588555100631431373e-05
6.067880000000000109e+03 6.848967929023075558e-05
6.077860000000000582e+03 8.903658307729185888e-05
6.087840000000000146e+03 1.061590028998576522e-04
6.097820000000000618e+03 5.479174343217961172e-05
6.107800000000000182e+03 4.794277550316152755e-05
6.117780000000000655e+03 1.541017784030051325e-04
6.127760000000000218e+03 7.533864721925382030e-05
6.137740000000000691e+03 8.903658307729185888e-05
6.147720000000000255e+03 1.095834868643692116e-04
6.157699999999999818e+03 7.191416325474228794e-05
6.167680000000000291e+03 6.848967929022452142e-05
6.177659999999999854e+03 8.561209911278844448e-05
6.187640000000000327e+03 7.191416325473572852e-05
6.197619999999999891e+03 7.876313118376535266e-05
6.207600000000000364e+03 7.876313118375818337e-05
6.217579999999999927e+03 9.931003497083458747e-05
6.227560000000000400e+03 8.218761514826941757e-05
6.237539999999999964e+03 1.027345189353461198e-04
6.247520000000000437e+03 9.246106704180309308e-05
6.257500000000000000e+03 8.561209911278844448e-05
6.267480000000000473e+03 1.095834868643592234e-04
6.277460000000000036e+03 6.848967929023075558e-05
6.287440000000000509e+03 9.588555100631431373e-05
6.297420000000000073e+03 7.191416325474228794e-05
6.307400000000000546e+03 1.130079708288704441e-04
6.317380000000000109e+03 9.246106704181152275e-05
6.327360000000000582e+03 1.095834868643592234e-04
6.337340000000000146e+03 2.979301049125037217e-04
6.347320000000000618e+03 3.082035568060102651e-04
6.357300000000000182e+03 1.951955859771576426e-04
6.367280000000000655e+03 1.814976501190949248e-04
6.377260000000000218e+03 1.575262623675307053e-04
6.387240000000000691e+03 1.746486821900725107e-04
6.397220000000000255e+03 1.780731661545999537e-04
6.407200000000000728e+03 1.677997142610500422e-04
6.417180000000000291e+03 1.917711020126461102e-04
6.427159999999999854e+03 1.849221340836230455e-04
6.437140000000000327e+03 1.814976501190949248e-04
6.447119999999999891e+03 1.814976501191114860e-04
6.457100000000000364e+03 1.780731661545837178e-04
6.467079999999999927e+03 1.301303906514384193e-04
6.477060000000000400e+03 1.677997142610500422e-04
6.487039999999999964e+03 1.438283265094845759e-04
6.497020000000000437e+03 1.746486821900725107e-04
6.507000000000000000e+03 9.931003497083458747e-05
6.516980000000000473e+03 7.876313118375818337e-05
6.526960000000000036e+03 7.191416325474228794e-05
6.536940000000000509e+03 7.876313118375818337e-05
6.546920000000000073e+03 7.533864721925382030e-05
6.556900000000000546e+03 9.588555100631431373e-05
6.566880000000000109e+03 7.876313118376535266e-05
6.576860000000000582e+03 7.533864721924696272e-05
6.586840000000000146e+03 8.903658307729997684e-05
6.596820000000000618e+03 6.848967929022452142e-05
6.606800000000000182e+03 4.451829153864998842e-05
6.616780000000000655e+03 4.451829153864592944e-05
6.626760000000000218e+03 4.794277550316152755e-05
6.636740000000000691e+03 4.451829153864592944e-05
6.646720000000000255e+03 7.191416325474228794e-05
6.656700000000000728e+03 7.533864721924696272e-05
6.666680000000000291e+03 9.931003497083458747e-05
6.676659999999999854e+03 5.479174343218460582e-05
6.686640000000000327e+03 7.876313118375818337e-05
6.696619999999999891e+03 5.821622739669613818e-05
6.706600000000000364e+03 8.903658307729185888e-05
6.716579999999999927e+03 7.533864721925382030e-05
6.726560000000000400e+03 8.903658307729185888e-05
6.736539999999999964e+03 1.095834868643692116e-04
6.746520000000000437e+03 9.931003497082554793e-05
6.756500000000000000e+03 1.986200699416691749e-04
6.766480000000000473e+03 2.191669737287184469e-04
6.776460000000000036e+03 1.986200699416691749e-04
6.786440000000000509e+03 1.335548746159378086e-04
6.796420000000000073e+03 1.232814227224153546e-04
6.806400000000000546e+03 1.506772944384939254e-04
6.816380000000000109e+03 8.903658307729997684e-05
6.826360000000000582e+03 1.335548746159378086e-04
6.836340000000000146e+03 1.746486821900884213e-04
6.846320000000000618e+03 1.506772944384939254e-04
6.856300000000000182e+03 1.438283265094845759e-04
6.866280000000000655e+03 1.438283265094714570e-04
6.876260000000000218e+03 1.404038425449730164e-04
6.886240000000000691e+03 1.198569387578928854e-04
6.896220000000000255e+03 1.506772944385076406e-04
6.906200000000000728e+03 1.369793585804490428e-04
6.916180000000000291e+03 1.232814227224153546e-04
6.926159999999999854e+03 1.164324547933922764e-04
6.936140000000000327e+03 1.198569387578928854e-04
6.946119999999999891e+03 1.130079708288807440e-04
6.956100000000000364e+03 1.369793585804490428e-04
6.966079999999999927e+03 1.164324547933922764e-04
6.976060000000000400e+03 7.533864721924696272e-05
6.986039999999999964e+03 8.218761514827689857e-05
6.996020000000000437e+03 6.848967929022452142e-05
7.006000000000000000e+03 6.506519532571920967e-05
7.015980000000000473e+03 5.821622739669083237e-05
7.025960000000000036e+03 6.506519532571920967e-05
7.035940000000000509e+03 7.191416325473572852e-05
7.045920000000000073e+03 6.506519532571920967e-05
7.055900000000000546e+03 8.903658307729185888e-05
7.065880000000000109e+03 5.479174343218460582e-05
7.075860000000000582e+03 4.794277550315715686e-05
7.085840000000000146e+03 3.766932360962691015e-05
7.095820000000000618e+03 5.136725946766837751e-05
7.105800000000000182e+03 6.506519532571920967e-05
7.115780000000000655e+03 5.136725946766837751e-05
7.125760000000000218e+03 6.506519532571920967e-05
7.135740000000000691e+03 6.506519532571328722e-05
7.145720000000000255e+03 6.506519532571920967e-05
7.155700000000000728e+03 7.533864721924696272e-05
7.165680000000000291e+03 7.533864721925382030e-05
7.175659999999999854e+03 1.164324547933922764e-04
7.185640000000000327e+03 1.712241982255612764e-04
7.195619999999999891e+03 1.986200699416691749e-04
7.205600000000000364e+03 1.438283265094714570e-04
7.215579999999999927e+03 8.903658307729997684e-05
7.225560000000000400e+03 1.130079708288704441e-04
7.235539999999999964e+03 1.404038425449730164e-04
7.245520000000000437e+03 8.903658307729185888e-05
7.255500000000000000e+03 1.130079708288807440e-04
7.265480000000000473e+03 9.246106704180309308e-05
7.275460000000000036e+03 1.198569387579038087e-04
7.285440000000000509e+03 9.588555100631431373e-05
7.295420000000000073e+03 9.931003497083458747e-05
7.305400000000000546e+03 1.267059066869153402e-04
7.315380000000000109e+03 9.931003497083458747e-05
7.325360000000000582e+03 1.061590028998479892e-04
7.335340000000000146e+03 1.027345189353461198e-04
7.345320000000000618e+03 1.061590028998479892e-04
7.355300000000000182e+03 8.561209911278844448e-05
7.365280000000000655e+03 1.130079708288704441e-04
7.375260000000000218e+03 1.198569387579038087e-04
7.385240000000000691e+03 7.876313118375818337e-05
7.395220000000000255e+03 1.130079708288807440e-04
7.405200000000000728e+03 7.191416325473572852e-05
7.415180000000000291e+03 8.903658307729997684e-05
7.425160000000000764e+03 1.267059066869153402e-04
7.435140000000000327e+03 8.903658307729997684e-05
7.445119999999999891e+03 6.164071136120767732e-05
7.455100000000000364e+03 3.082035568060102651e-05
7.465079999999999927e+03 3.766932360962691015e-05
7.475060000000000400e+03 4.451829153864592944e-05
7.485039999999999964e+03 4.109380757413844928e-05
7.495020000000000437e+03 4.451829153864592944e-05
7.505000000000000000e+03 6.164071136120767732e-05
7.514980000000000473e+03 3.424483964511226071e-05
7.524960000000000036e+03 6.506519532571920967e-05
7.534940000000000509e+03 5.136725946766837751e-05
7.544920000000000073e+03 6.164071136120767732e-05
7.554900000000000546e+03 4.451829153864592944e-05
7.564880000000000109e+03 5.821622739669613818e-05
7.574860000000000582e+03 6.848967929022452142e-05
7.584840000000000146e+03 6.506519532571920967e-05
7.594820000000000618e+03 7.191416325473572852e-05
7.604800000000000182e+03 1.061590028998576522e-04
7.614780000000000655e+03 1.575262623675163667e-04
7.624760000000000218e+03 1.267059066869268870e-04
7.634740000000000691e+03 7.876313118375818337e-05
7.644720000000000255e+03 8.903658307729997684e-05
7.654700000000000728e+03 9.931003497082554793e-05
7.664680000000000291e+03 7.191416325474228794e-05
7.674660000000000764e+03 7.191416325473572852e-05
7.684640000000000327e+03 1.027345189353461198e-04
7.694619999999999891e+03 7.533864721925382030e-05
7.704600000000000364e+03 7.533864721924696272e-05
7.714579999999999927e+03 8.561209911278844448e-05
7.724560000000000400e+03 8.561209911278063822e-05
7.734539999999999964e+03 9.931003497083458747e-05
7.744520000000000437e+03 9.246106704180309308e-05
7.754500000000000000e+03 9.931003497083458747e-05
7.764480000000000473e+03 6.506519532571328722e-05
7.774460000000000036e+03 8.561209911278844448e-05
7.784440000000000509e+03 8.903658307729185888e-05
7.794420000000000073e+03 6.848967929023075558e-05
7.804400000000000546e+03 6.506519532571328722e-05
7.814380000000000109e+03 4.451829153864998842e-05
7.824360000000000582e+03 8.561209911278063822e-05
7.834340000000000146e+03 5.479174343218460582e-05
7.844320000000000618e+03 9.588555100631431373e-05
7.854300000000000182e+03 7.533864721925382030e-05
7.864280000000000655e+03 1.027345189353367550e-04
7.874260000000000218e+03 8.561209911278844448e-05
7.884240000000000691e+03 1.164324547933816647e-04
7.894220000000000255e+03 6.506519532571920967e-05
7.904200000000000728e+03 6.848967929022452142e-05
7.914180000000000291e+03 6.848967929023075558e-05
7.924160000000000764e+03 3.766932360962348136e-05
7.934140000000000327e+03 3.424483964511537779e-05
7.944119999999999891e+03 4.109380757413844928e-05
7.954100000000000364e+03 4.794277550315715686e-05
7.964079999999999927e+03 3.424483964511537779e-05
7.974060000000000400e+03 2.739587171608980586e-05
7.984039999999999964e+03 4.451829153864998842e-05
7.994020000000000437e+03 3.766932360962348136e-05
8.004000000000000000e+03 5.136725946767305991e-05
8.013980000000000473e+03 4.794277550315715686e-05
8.023960000000000036e+03 6.506519532571920967e-05
8.033940000000000509e+03 1.164324547933816647e-04
8.043920000000000073e+03 1.335548746159499788e-04
8.053900000000000546e+03 1.027345189353367550e-04
8.063880000000000109e+03 6.164071136120767732e-05
8.073860000000000582e+03 7.876313118375818337e-05
8.083840000000000146e+03 1.095834868643692116e-04
8.093820000000000618e+03 5.136725946766837751e-05
8.103800000000000182e+03 6.506519532571920967e-05
8.113780000000000655e+03 8.218761514826941757e-05
8.123760000000000218e+03 6.164071136120767732e-05
8.133740000000000691e+03 8.218761514826941757e-05
8.143720000000000255e+03 5.479174343218460582e-05
8.153700000000000728e+03 1.061590028998479892e-04
8.163680000000000291e+03 5.136725946767305991e-05
8.173660000000000764e+03 7.191416325473572852e-05
8.183640000000000327e+03 7.191416325474228794e-05
8.193620000000000800e+03 4.451829153864592944e-05
8.203600000000000364e+03 4.794277550316152755e-05
8.213579999999999927e+03 8.561209911278844448e-05
8.223559999999999491e+03 7.191416325474228794e-05
8.233540000000000873e+03 7.533864721924009159e-05
8.243520000000000437e+03 5.136725946767305991e-05
8.253500000000000000e+03 4.109380757413844928e-05
8.263479999999999563e+03 4.794277550316152755e-05
8.273460000000000946e+03 5.479174343217461761e-05
8.283440000000000509e+03 8.903658307729997684e-05
8.293420000000000073e+03 6.164071136120767732e-05
8.303399999999999636e+03 5.821622739669613818e-05
8.313380000000001019e+03 5.821622739668553333e-05
8.323360000000000582e+03 6.506519532571920967e-05
8.333340000000000146e+03 8.903658307729997684e-05
8.343319999999999709e+03 9.588555100632305511e-05
8.353300000000001091e+03 9.246106704179466341e-05
8.363280000000000655e+03 9.246106704181152275e-05
8.373260000000000218e+03 5.479174343218460582e-05
8.383239999999999782e+03 7.191416325474228794e-05
8.393220000000001164e+03 2.397138775157639648e-05
8.403200000000000728e+03 2.739587171609230291e-05
8.413180000000000291e+03 2.397138775158076378e-05
8.423159999999999854e+03 4.451829153864998842e-05
8.433140000000001237e+03 3.424483964510913008e-05
8.443120000000000800e+03 6.164071136120767732e-05
8.453100000000000364e+03 1.164324547933922764e-04
8.463079999999999927e+03 9.931003497083458747e-05
8.473059999999999491e+03 7.876313118376535266e-05
8.483040000000000873e+03 8.903658307728375446e-05
8.493020000000000437e+03 9.246106704181152275e-05
8.503000000000000000e+03 3.082035568060383866e-05
8.512979999999999563e+03 5.479174343218460582e-05
8.522960000000000946e+03 5.479174343217461761e-05
8.532940000000000509e+03 6.164071136120767732e-05
8.542920000000000073e+03 5.479174343218460582e-05
8.552899999999999636e+03 4.794277550316152755e-05
8.562880000000001019e+03 6.164071136119644227e-05
8.572860000000000582e+03 4.109380757413844928e-05
8.582840000000000146e+03 6.164071136120767732e-05
8.592819999999999709e+03 8.561209911278844448e-05
8.602800000000001091e+03 7.876313118375100053e-05
8.612780000000000655e+03 3.766932360962691015e-05
8.622760000000000218e+03 6.506519532571920967e-05
8.632739999999999782e+03 7.876313118376535266e-05
8.642720000000001164e+03 5.821622739668553333e-05
8.652700000000000728e+03 5.479174343218460582e-05
8.662680000000000291e+03 7.533864721925382030e-05
8.672659999999999854e+03 4.451829153864998842e-05
8.682640000000001237e+03 6.506519532570735121e-05
8.692620000000000800e+03 5.479174343218460582e-05
8.702600000000000364e+03 5.479174343218460582e-05
8.712579999999999927e+03 5.136725946767305991e-05
8.722559999999999491e+03 7.191416325474228794e-05
8.732540000000000873e+03 6.164071136119644227e-05
8.742520000000000437e+03 5.479174343218460582e-05
8.752500000000000000e+03 3.766932360962691015e-05
8.762479999999999563e+03 5.821622739669613818e-05
8.772460000000000946e+03 5.136725946766370189e-05
8.782440000000000509e+03 7.876313118376535266e-05
8.792420000000000073e+03 5.821622739669613818e-05
8.802399999999999636e+03 5.821622739669613818e-05
8.812380000000001019e+03 7.876313118375100053e-05
8.822360000000000582e+03 6.506519532571920967e-05
8.832340000000000146e+03 5.479174343218460582e-05
8.842319999999999709e+03 4.109380757413844928e-05
8.852300000000001091e+03 3.082035568059822114e-05
8.862280000000000655e+03 4.109380757413844928e-05
8.872260000000000218e+03 6.164071136120767732e-05
8.882239999999999782e+03 1.438283265094845759e-04
8.892220000000001164e+03 8.561209911277284552e-05
8.902200000000000728e+03 5.821622739669613818e-05
8.912180000000000291e+03 5.821622739669613818e-05
8.922159999999999854e+03 6.164071136120767732e-05
8.932140000000001237e+03 6.848967929021826015e-05
8.942120000000000800e+03 6.506519532571920967e-05
8.952100000000000364e+03 5.479174343218460582e-05
8.962079999999999927e+03 5.821622739669613818e-05
8.972059999999999491e+03 4.794277550316152755e-05
8.982040000000000873e+03 4.451829153864187723e-05
8.992020000000000437e+03 3.424483964511537779e-05
9.002000000000000000e+03 4.794277550316152755e-05
9.011979999999999563e+03 7.876313118376535266e-05
9.021960000000000946e+03 5.479174343217461761e-05
9.031940000000000509e+03 6.164071136120767732e-05
9.041920000000000073e+03 5.479174343218460582e-05
9.051899999999999636e+03 3.766932360962691015e-05
9.061880000000001019e+03 4.109380757413095474e-05
9.071860000000000582e+03 5.136725946767305991e-05
9.081840000000000146e+03 6.506519532571920967e-05
9.091819999999999709e+03 2.054690378706922464e-05
9.101800000000001091e+03 4.109380757413095474e-05
9.111780000000000655e+03 4.451829153864998842e-05
9.121760000000000218e+03 4.109380757413844928e-05
9.131739999999999782e+03 5.821622739669613818e-05
9.141720000000001164e+03 6.506519532570735121e-05
9.151700000000000728e+03 6.164071136120767732e-05
9.161680000000000291e+03 5.479174343218460582e-05
9.171659999999999854e+03 4.794277550316152755e-05
9.181640000000001237e+03 3.424483964510913008e-05
9.191620000000000800e+03 4.794277550316152755e-05
9.201600000000000364e+03 4.451829153864998842e-05
9.211579999999999927e+03 5.136725946767305991e-05
9.221559999999999491e+03 5.136725946767305991e-05
9.231540000000000873e+03 6.164071136119644227e-05
9.241520000000000437e+03 3.082035568060383866e-05
9.251500000000000000e+03 4.794277550316152755e-05
9.261479999999999563e+03 6.164071136120767732e-05
9.271460000000000946e+03 7.191416325472916910e-05
9.281440000000000509e+03 6.164071136120767732e-05
9.291420000000000073e+03 6.506519532571920967e-05
9.301399999999999636e+03 1.335548746159499788e-04
9.311380000000001019e+03 1.369793585804365203e-04
9.321360000000000582e+03 9.246106704181152275e-05
9.331340000000000146e+03 5.136725946767305991e-05
9.341319999999999709e+03 3.766932360962691015e-05
9.351300000000001091e+03 5.136725946766370189e-05
9.361280000000000655e+03 6.848967929023075558e-05
9.371260000000000218e+03 3.424483964511537779e-05
9.381239999999999782e+03 5.136725946767305991e-05
9.391220000000001164e+03 5.479174343217461761e-05
9.401200000000000728e+03 8.561209911278844448e-05
9.411180000000000291e+03 4.451829153864998842e-05
9.421159999999999854e+03 4.109380757413844928e-05
9.431140000000001237e+03 5.821622739668553333e-05
9.441120000000000800e+03 4.451829153864998842e-05
9.451100000000000364e+03 5.479174343218460582e-05
9.461079999999999927e+03 5.479174343218460582e-05
9.471060000000001310e+03 4.451829153864187723e-05
9.481040000000000873e+03 6.164071136120767732e-05
9.491020000000000437e+03 3.766932360962691015e-05
9.501000000000000000e+03 3.424483964511537779e-05
9.510979999999999563e+03 1.712241982255768890e-05
9.520960000000000946e+03 3.766932360962004580e-05
9.530940000000000509e+03 4.794277550316152755e-05
9.540920000000000073e+03 6.506519532571920967e-05
9.550899999999999636e+03 3.082035568060383866e-05
9.560880000000001019e+03 4.451829153864187723e-05
9.570860000000000582e+03 2.739587171609230291e-05
9.580840000000000146e+03 4.109380757413844928e-05
9.590819999999999709e+03 4.794277550316152755e-05
9.600800000000001091e+03 6.164071136119644227e-05
9.610780000000000655e+03 4.109380757413844928e-05
9.620760000000000218e+03 2.739587171609230291e-05
9.630739999999999782e+03 6.164071136120767732e-05
9.640720000000001164e+03 3.766932360962004580e-05
9.650700000000000728e+03 3.424483964511537779e-05
9.660680000000000291e+03 3.082035568060383866e-05
9.670659999999999854e+03 4.109380757413844928e-05
9.680640000000001237e+03 2.397138775157639648e-05
9.690620000000000800e+03 4.109380757413844928e-05
9.700600000000000364e+03 4.109380757413844928e-05
9.710579999999999927e+03 6.848967929023075558e-05
9.720560000000001310e+03 5.821622739668553333e-05
9.730540000000000873e+03 1.061590028998576522e-04
9.740520000000000437e+03 1.164324547933922764e-04
9.750500000000000000e+03 9.588555100632305511e-05
9.760479999999999563e+03 5.479174343218460582e-05
9.770460000000000946e+03 2.739587171608730881e-05
9.780440000000000509e+03 2.739587171609230291e-05
9.790420000000000073e+03 5.479174343218460582e-05
9.800399999999999636e+03 3.082035568060383866e-05
9.810380000000001019e+03 5.136725946766370189e-05
9.820360000000000582e+03 4.794277550316152755e-05
9.830340000000000146e+03 3.424483964511537779e-05
9.840319999999999709e+03 4.794277550316152755e-05
9.850300000000001091e+03 4.109380757413095474e-05
9.860280000000000655e+03 3.424483964511537779e-05
9.870260000000000218e+03 3.766932360962691015e-05
9.880239999999999782e+03 4.451829153864998842e-05
9.890220000000001164e+03 5.136725946766370189e-05
9.900200000000000728e+03 4.109380757413844928e-05
9.910180000000000291e+03 4.451829153864998842e-05
9.920159999999999854e+03 5.821622739669613818e-05
9.930140000000001237e+03 3.082035568059822114e-05
9.940120000000000800e+03 3.082035568060383866e-05
9.950100000000000364e+03 2.397138775158076378e-05
9.960079999999999927e+03 4.794277550316152755e-05
9.970060000000001310e+03 3.424483964510913008e-05
9.980040000000000873e+03 3.424483964511537779e-05
9.990020000000000437e+03 5.136725946767305991e-05
1.000000000000000000e+04 3.082035568060383866e-05
