#Information header
#___________________
#Incoming proton spectre - No Shielding - Maximum solar activity --  Near-Earth Interplanetary/Geosynchronous Orbit
#Data produce with 'FLUX' tool from CREME96 - See CREME96 Documentation for more Details
#____________________
#
#Creme96 header
#____________________________________
#4 Proton_Gaia.FLX                                                        210 3
#Created by CREME96:FLUX_DRIVER Version  210 on  20160711 at 034918.4
#ZMIN =  1 ZMAX =  1
#IMODE  =   0 SOLAR-QUIET MODE: YEAR =  1977.0000
#ITRANS =   0 GEOSYNCH/NEAR-EARTH INTERPLANETARY FLUXES
#1.0000E-01  1.0000E+05   1002      1      1  UNSHIELDED    1977.000  0 0  210 3
#________________________________________
#
1.000000000000000056e-01 0.000000000000000000e+00
1.013897392123502827e-01 0.000000000000000000e+00
1.027987921754840023e-01 0.000000000000000000e+00
1.042274273001691787e-01 0.000000000000000000e+00
1.056759167273834815e-01 0.000000000000000000e+00
1.071445363801545730e-01 0.000000000000000000e+00
1.086335660161204947e-01 0.000000000000000000e+00
1.101432892808209413e-01 0.000000000000000000e+00
1.116739937617289152e-01 0.000000000000000000e+00
1.132259710430332522e-01 0.000000000000000000e+00
1.147995167611826628e-01 0.000000000000000000e+00
1.163949306612014484e-01 0.000000000000000000e+00
1.180125166537880910e-01 0.000000000000000000e+00
1.196525828732071806e-01 0.000000000000000000e+00
1.213154417359860598e-01 0.000000000000000000e+00
1.230014100004269972e-01 0.000000000000000000e+00
1.247108088269466702e-01 0.000000000000000000e+00
1.264439638392539367e-01 0.000000000000000000e+00
1.282012051863780644e-01 0.000000000000000000e+00
1.299828676055587995e-01 0.000000000000000000e+00
1.317892904860105685e-01 0.000000000000000000e+00
1.336208179335728885e-01 0.000000000000000000e+00
1.354777988362589336e-01 0.000000000000000000e+00
1.373605869307154559e-01 0.000000000000000000e+00
1.392695408696061066e-01 0.000000000000000000e+00
1.412050242899312302e-01 0.000000000000000000e+00
1.431674058822971496e-01 0.000000000000000000e+00
1.451570594611480691e-01 0.000000000000000000e+00
1.471743640359742533e-01 0.000000000000000000e+00
1.492197038835093303e-01 0.000000000000000000e+00
1.512934686209314594e-01 0.000000000000000000e+00
1.533960532800814069e-01 0.000000000000000000e+00
1.555278583827123806e-01 0.000000000000000000e+00
1.576892900167855549e-01 0.000000000000000000e+00
1.598807599138255819e-01 0.000000000000000000e+00
1.621026855273516309e-01 0.000000000000000000e+00
1.643554901123981116e-01 0.000000000000000000e+00
1.666396028061405965e-01 0.000000000000000000e+00
1.689554587096422922e-01 0.000000000000000000e+00
1.713034989707364342e-01 0.000000000000000000e+00
1.736841708680608165e-01 0.000000000000000000e+00
1.760979278962597205e-01 0.000000000000000000e+00
1.785452298523703685e-01 0.000000000000000000e+00
1.810265429234096668e-01 0.000000000000000000e+00
1.835423397751783925e-01 0.000000000000000000e+00
1.860930996422992534e-01 0.000000000000000000e+00
1.886793084195063641e-01 0.000000000000000000e+00
1.913014587542035683e-01 0.000000000000000000e+00
1.939600501403088428e-01 0.000000000000000000e+00
1.966555890134029927e-01 0.000000000000000000e+00
1.993885888472006485e-01 0.000000000000000000e+00
2.021595702513620252e-01 0.000000000000000000e+00
2.049690610706640381e-01 0.000000000000000000e+00
2.078175964855492608e-01 0.000000000000000000e+00
2.107057191140727648e-01 0.000000000000000000e+00
2.136339791152656598e-01 0.000000000000000000e+00
2.166029342939347346e-01 0.000000000000000000e+00
2.196131502069188501e-01 0.000000000000000000e+00
2.226652002708221223e-01 0.000000000000000000e+00
2.257596658712440474e-01 0.000000000000000000e+00
2.288971364735276903e-01 0.000000000000000000e+00
2.320782097350472528e-01 0.000000000000000000e+00
2.353034916190557269e-01 0.000000000000000000e+00
2.385735965101150602e-01 0.000000000000000000e+00
2.418891473311304552e-01 0.000000000000000000e+00
2.452507756620109225e-01 0.000000000000000000e+00
2.486591218599790432e-01 0.000000000000000000e+00
2.521148351815530320e-01 0.000000000000000000e+00
2.556185739062233897e-01 0.000000000000000000e+00
2.591710054618487358e-01 0.000000000000000000e+00
2.627728065517945799e-01 0.000000000000000000e+00
2.664246632838381812e-01 0.000000000000000000e+00
2.701272713008658899e-01 0.000000000000000000e+00
2.738813359133858705e-01 0.000000000000000000e+00
2.776875722338830177e-01 0.000000000000000000e+00
2.815467053130407127e-01 0.000000000000000000e+00
2.854594702778563420e-01 0.000000000000000000e+00
2.894266124716751154e-01 0.000000000000000000e+00
2.934488875961709931e-01 0.000000000000000000e+00
2.975270618553007007e-01 0.000000000000000000e+00
3.016619121012574789e-01 0.000000000000000000e+00
3.058542259824543197e-01 0.000000000000000000e+00
3.101048020935628924e-01 0.000000000000000000e+00
3.144144501276384118e-01 0.000000000000000000e+00
3.187839910303577051e-01 0.000000000000000000e+00
3.232142571564017297e-01 0.000000000000000000e+00
3.277060924280109089e-01 0.000000000000000000e+00
3.322603524957438159e-01 0.000000000000000000e+00
3.368779049014704596e-01 0.000000000000000000e+00
3.415596292436303139e-01 0.000000000000000000e+00
3.463064173447872873e-01 0.000000000000000000e+00
3.511191734215131088e-01 0.000000000000000000e+00
3.559988142566320457e-01 0.000000000000000000e+00
3.609462693738585415e-01 0.000000000000000000e+00
3.659624812148625228e-01 0.000000000000000000e+00
3.710484053187955156e-01 0.000000000000000000e+00
3.762050105043112103e-01 0.000000000000000000e+00
3.814332790541160034e-01 0.000000000000000000e+00
3.867342069020845430e-01 0.000000000000000000e+00
3.921088038229746942e-01 0.000000000000000000e+00
3.975580936247802288e-01 0.000000000000000000e+00
4.030831143437560438e-01 0.000000000000000000e+00
4.086849184421538217e-01 0.000000000000000000e+00
4.143645730087062162e-01 0.000000000000000000e+00
4.201231599618960311e-01 0.000000000000000000e+00
4.259617762560515830e-01 0.000000000000000000e+00
4.318815340903057187e-01 0.000000000000000000e+00
4.378835611204586753e-01 0.000000000000000000e+00
4.439690006737853634e-01 0.000000000000000000e+00
4.501390119668286505e-01 0.000000000000000000e+00
4.563947703262177802e-01 0.000000000000000000e+00
4.627374674125572795e-01 0.000000000000000000e+00
4.691683114474261562e-01 0.000000000000000000e+00
4.756885274435327382e-01 0.000000000000000000e+00
4.822993574380670667e-01 0.000000000000000000e+00
4.890020607292973054e-01 0.000000000000000000e+00
4.957979141164532977e-01 0.000000000000000000e+00
5.026882121429444572e-01 0.000000000000000000e+00
5.096742673429575099e-01 0.000000000000000000e+00
5.167574104914816058e-01 0.000000000000000000e+00
5.239389908578074850e-01 0.000000000000000000e+00
5.312203764625508251e-01 0.000000000000000000e+00
5.386029543382456763e-01 0.000000000000000000e+00
5.460881307935613327e-01 0.000000000000000000e+00
5.536773316811901546e-01 0.000000000000000000e+00
5.613720026694584142e-01 0.000000000000000000e+00
5.691736095177117871e-01 0.000000000000000000e+00
5.770836383555288940e-01 0.000000000000000000e+00
5.851035959658134056e-01 0.000000000000000000e+00
5.932350100718218888e-01 0.000000000000000000e+00
6.014794296281801289e-01 0.000000000000000000e+00
6.098384251159436609e-01 0.000000000000000000e+00
6.183135888417592430e-01 0.000000000000000000e+00
6.269065352411835601e-01 0.000000000000000000e+00
6.356189011862167781e-01 0.000000000000000000e+00
6.444523462971116778e-01 0.000000000000000000e+00
6.534085532585139910e-01 0.000000000000000000e+00
6.624892281399981098e-01 0.000000000000000000e+00
6.716961007210564549e-01 0.000000000000000000e+00
6.810309248206047883e-01 0.000000000000000000e+00
6.904954786310685266e-01 0.000000000000000000e+00
7.000915650571102322e-01 0.000000000000000000e+00
7.098210120590656702e-01 0.000000000000000000e+00
7.196856730011519376e-01 0.000000000000000000e+00
7.296874270045159427e-01 0.000000000000000000e+00
7.398281793051876276e-01 0.000000000000000000e+00
7.501098616170089883e-01 0.000000000000000000e+00
7.605344324996069494e-01 0.000000000000000000e+00
7.711038777314797033e-01 0.000000000000000000e+00
7.818202106882674585e-01 0.000000000000000000e+00
7.926854727262818701e-01 0.000000000000000000e+00
8.037017335713632082e-01 0.000000000000000000e+00
8.148710917131434250e-01 0.000000000000000000e+00
8.261956748047878385e-01 0.000000000000000000e+00
8.376776400682920398e-01 0.000000000000000000e+00
8.493191747054112950e-01 0.000000000000000000e+00
8.611224963143021549e-01 0.000000000000000000e+00
8.730898533119516580e-01 0.000000000000000000e+00
8.852235253624793909e-01 0.000000000000000000e+00
8.975258238113913434e-01 0.000000000000000000e+00
9.099990921258679366e-01 0.000000000000000000e+00
9.226457063411727111e-01 0.000000000000000000e+00
9.354680755132621650e-01 0.000000000000000000e+00
9.484686421776885590e-01 0.000000000000000000e+00
9.616498828148781763e-01 0.000000000000000000e+00
9.750143083218770768e-01 0.000000000000000000e+00
9.885644644906518286e-01 0.000000000000000000e+00
1.002302932493039256e+00 2.022899999999999920e+02
1.016232329372431797e+00 2.074199999999999875e+02
1.030355308542300730e+00 2.127299999999999898e+02
1.044674560291645848e+00 2.182599999999999909e+02
1.059192812297466757e+00 2.239499999999999886e+02
1.073912830144360342e+00 2.298499999999999943e+02
1.088837417851337142e+00 2.358899999999999864e+02
1.103969418405959413e+00 2.329600000000000080e+02
1.119311714305902372e+00 2.245999999999999943e+02
1.134867228108041637e+00 2.165000000000000000e+02
1.150638922985171897e+00 2.086599999999999966e+02
1.166629803290461842e+00 2.010600000000000023e+02
1.182842915129754369e+00 1.936999999999999886e+02
1.199281346941819759e+00 1.865800000000000125e+02
1.215948230086672188e+00 1.796899999999999977e+02
1.232846739442065909e+00 1.730200000000000102e+02
1.249980094008274145e+00 1.665699999999999932e+02
1.267351557521280148e+00 1.603300000000000125e+02
1.284964439074485432e+00 1.542899999999999920e+02
1.302822093749060439e+00 1.484600000000000080e+02
1.320927923253053970e+00 1.428199999999999932e+02
1.339285376569385955e+00 1.373700000000000045e+02
1.357897950612843907e+00 1.321100000000000136e+02
1.376769190896211414e+00 1.270199999999999960e+02
1.395902692205653883e+00 1.221099999999999994e+02
1.415302099285489001e+00 1.173700000000000045e+02
1.434971107532475587e+00 1.127900000000000063e+02
1.454913463699751386e+00 1.083700000000000045e+02
1.475132966610550600e+00 1.040999999999999943e+02
1.495633467881843481e+00 9.999200000000000443e+01
1.516418872658031658e+00 9.602400000000000091e+01
1.537493140354840415e+00 9.219799999999999329e+01
1.558860285413547597e+00 8.850900000000000034e+01
1.580524378065695013e+00 8.495300000000000296e+01
1.602489545108429558e+00 8.152599999999999625e+01
1.624759970690615063e+00 7.822400000000000375e+01
1.647339897109873386e+00 7.504399999999999693e+01
1.670233625620699325e+00 7.198099999999999454e+01
1.693445517253809873e+00 6.903100000000000591e+01
1.716979993646874147e+00 6.619100000000000250e+01
1.740841537886794299e+00 6.345799999999999841e+01
1.765034695363688622e+00 6.082800000000000296e+01
1.789564074636745161e+00 5.829800000000000182e+01
1.814434348312105483e+00 5.586500000000000199e+01
1.839650253932951118e+00 5.352400000000000091e+01
1.865216594881959011e+00 5.127400000000000091e+01
1.891138241296298261e+00 4.911099999999999710e+01
1.917420130995344474e+00 4.703199999999999648e+01
1.944067270421284910e+00 4.503399999999999892e+01
1.971084735592796289e+00 4.311500000000000199e+01
1.998477673071980210e+00 4.127199999999999847e+01
2.026251300944727163e+00 3.950200000000000244e+01
2.054410909814713637e+00 3.780299999999999727e+01
2.082961863811211067e+00 3.619599999999999795e+01
2.111909601610897802e+00 3.463000000000000256e+01
2.141259637473874822e+00 3.312700000000000244e+01
2.171017562294078829e+00 3.168599999999999994e+01
2.201189044664290773e+00 3.030399999999999849e+01
2.231779831955948978e+00 2.897800000000000153e+01
2.262795751413966272e+00 2.770700000000000074e+01
2.294242711266761159e+00 2.648900000000000077e+01
2.326126701851723766e+00 2.532100000000000151e+01
2.358453796756307508e+00 2.420299999999999940e+01
2.391230153974993833e+00 2.313100000000000023e+01
2.424462017082328114e+00 2.210500000000000043e+01
2.458155716422259829e+00 2.112099999999999866e+01
2.492317670314009970e+00 2.017999999999999972e+01
2.526954386274698816e+00 1.927899999999999991e+01
2.562072462258964123e+00 1.841600000000000037e+01
2.597678587915805082e+00 1.759100000000000108e+01
2.633779545862898086e+00 1.680099999999999838e+01
2.670382212978616110e+00 1.604599999999999937e+01
2.707493561712005725e+00 1.532300000000000040e+01
2.745120661410976659e+00 1.463199999999999967e+01
2.783270679668934378e+00 1.397100000000000009e+01
2.821950883690142131e+00 1.333999999999999986e+01
2.861168641674049162e+00 1.273600000000000065e+01
2.900931424218863519e+00 1.215900000000000070e+01
2.941246805744624382e+00 1.160800000000000054e+01
2.982122465936057676e+00 1.108099999999999952e+01
3.023566191205478315e+00 1.057799999999999940e+01
3.065585876176026847e+00 1.009699999999999953e+01
3.108189525185516722e+00 9.638099999999999667e+00
3.151385253811183951e+00 9.199799999999999756e+00
3.195181290415621156e+00 8.781299999999999883e+00
3.239585977714206422e+00 8.381899999999999906e+00
3.284607774364302291e+00 8.000799999999999912e+00
3.330255256576548639e+00 7.636899999999999800e+00
3.376537119748549642e+00 7.289699999999999847e+00
3.423462180121258136e+00 6.958599999999999675e+00
3.471039376458385117e+00 6.642500000000000071e+00
3.519277771749146133e+00 6.341099999999999959e+00
3.568186554934670962e+00 6.053600000000000314e+00
3.617775042658408768e+00 5.779399999999999871e+00
3.668052681040855134e+00 5.517900000000000027e+00
3.719029047478943806e+00 5.268600000000000172e+00
3.770713852470455763e+00 5.030899999999999928e+00
3.823116941463761798e+00 4.804400000000000226e+00
3.876248296733290299e+00 4.588400000000000034e+00
3.930118039281052855e+00 4.382500000000000284e+00
3.984736430764593607e+00 4.189700000000000202e+00
4.040113875451736725e+00 4.002600000000000158e+00
4.096260922202493937e+00 3.824399999999999800e+00
4.153188266478522905e+00 3.654399999999999871e+00
4.210906752380505935e+00 3.492500000000000160e+00
4.269427374713844259e+00 3.338299999999999823e+00
4.328761281083059131e+00 3.191399999999999793e+00
4.388919774015304753e+00 3.051400000000000112e+00
4.449914313113390918e+00 2.918000000000000149e+00
4.511756517238715070e+00 2.790900000000000158e+00
4.574458166724551411e+00 2.669900000000000162e+00
4.638031205620082531e+00 2.554699999999999971e+00
4.702487743965627409e+00 2.444900000000000073e+00
4.767840060099483246e+00 2.340300000000000047e+00
4.834100602996831419e+00 2.240699999999999914e+00
4.901281994641140116e+00 2.145900000000000141e+00
4.969397032428531702e+00 2.055499999999999883e+00
5.038458691605562478e+00 1.969500000000000028e+00
5.108480127740875787e+00 1.887599999999999945e+00
5.179474679231209855e+00 1.809500000000000108e+00
5.251455869842239998e+00 1.735200000000000076e+00
5.324437411284708155e+00 1.664400000000000102e+00
5.398433205826380643e+00 1.596999999999999975e+00
5.473457348940288014e+00 1.532799999999999940e+00
5.549524131989779008e+00 1.471700000000000008e+00
5.626648044950883332e+00 1.413499999999999979e+00
5.704843779172505513e+00 1.358000000000000096e+00
5.784126230174991612e+00 1.305199999999999916e+00
5.864510500487572386e+00 1.254899999999999904e+00
5.946011902525247805e+00 1.207000000000000073e+00
6.028645961505652906e+00 1.161399999999999988e+00
6.112428418406469000e+00 1.118000000000000105e+00
6.197375232963906022e+00 1.076600000000000001e+00
6.283502586712889304e+00 1.037199999999999900e+00
6.370826886069482775e+00 9.996099999999999985e-01
6.459364765456145463e+00 9.638499999999999845e-01
6.549133090470427021e+00 9.297900000000000054e-01
6.640148961097702696e+00 8.973499999999999810e-01
6.732429714968547252e+00 8.664500000000000535e-01
6.825992930661387348e+00 8.370100000000000318e-01
6.920856431051046975e+00 8.089800000000000324e-01
7.017038286703829897e+00 7.822700000000000209e-01
7.114556819319781233e+00 7.568300000000000027e-01
7.213430605222809433e+00 7.326000000000000290e-01
7.313678478899267255e+00 7.095299999999999940e-01
7.415319536585753823e+00 6.875499999999999945e-01
7.518373139906757707e+00 6.666100000000000358e-01
7.622858919562853330e+00 6.466800000000000326e-01
7.728796779070158607e+00 6.276899999999999702e-01
7.836206898551762556e+00 6.096099999999999852e-01
7.945109738581834335e+00 5.923899999999999721e-01
8.055526044083167747e+00 5.759999999999999565e-01
8.167476848278880652e+00 5.604000000000000092e-01
8.280983476699038448e+00 5.463999999999999968e-01
8.396067551242973437e+00 5.322400000000000464e-01
8.512750994298015073e+00 5.187699999999999534e-01
8.631056032915513043e+00 5.059599999999999653e-01
8.751005203044863734e+00 4.937699999999999867e-01
8.872621353826392721e+00 4.821799999999999975e-01
8.995927651943881997e+00 4.711600000000000232e-01
9.120947586037608801e+00 4.606799999999999784e-01
9.247704971178690059e+00 4.507300000000000195e-01
9.376223953405625977e+00 4.412800000000000056e-01
9.506529014323884752e+00 4.323000000000000176e-01
9.638644975769400602e+00 4.237900000000000000e-01
9.772597004536892840e+00 4.157100000000000239e-01
9.908410617173911916e+00 4.080599999999999783e-01
1.004611168484146155e+01 4.007999999999999896e-01
1.018572643824220592e+01 3.939400000000000124e-01
1.032728147261718732e+01 3.874400000000000066e-01
1.047080375281193376e+01 3.813099999999999823e-01
1.061632061841299546e+01 3.755100000000000104e-01
1.076385978895591045e+01 3.700499999999999901e-01
1.091344936920543418e+01 3.649000000000000021e-01
1.106511785450927654e+01 3.600599999999999912e-01
1.121889413622616516e+01 3.555099999999999927e-01
1.137480750722936662e+01 3.512399999999999967e-01
1.153288766748669580e+01 3.472500000000000031e-01
1.169316472971806853e+01 3.435199999999999920e-01
1.185566922513167398e+01 3.400400000000000089e-01
1.202043210923987360e+01 3.368200000000000083e-01
1.218748476775592415e+01 3.338300000000000156e-01
1.235685902257264601e+01 3.310699999999999754e-01
1.252858713782418221e+01 3.285299999999999887e-01
1.270270182603199771e+01 3.262100000000000000e-01
1.287923625433630015e+01 3.240999999999999992e-01
1.305822405081404547e+01 3.221999999999999864e-01
1.323969931088476315e+01 3.204899999999999971e-01
1.342369660380539997e+01 3.189799999999999858e-01
1.361025097925541694e+01 3.176599999999999979e-01
1.379939797401341650e+01 3.165200000000000236e-01
1.399117361872655252e+01 3.155600000000000072e-01
1.418561444477400357e+01 3.147699999999999942e-01
1.438275749122585268e+01 3.141599999999999948e-01
1.458264031189865229e+01 3.137199999999999989e-01
1.478530098250910640e+01 3.134299999999999864e-01
1.499077810792704746e+01 3.133099999999999774e-01
1.519911082952933157e+01 3.133500000000000174e-01
1.541033883265587967e+01 3.135499999999999954e-01
1.562450235416934063e+01 3.139000000000000123e-01
1.584164219011982411e+01 3.144000000000000128e-01
1.606179970351614728e+01 3.150499999999999967e-01
1.628501683220506990e+01 3.158500000000000196e-01
1.651133609686007020e+01 3.167900000000000160e-01
1.674080060908108081e+01 3.178699999999999859e-01
1.697345407960685648e+01 3.190999999999999948e-01
1.720934082664141940e+01 3.204699999999999771e-01
1.744850578429626253e+01 3.219799999999999884e-01
1.769099451114983523e+01 3.236299999999999732e-01
1.793685319892601981e+01 3.254099999999999770e-01
1.818612868129320148e+01 3.273300000000000098e-01
1.843886844278561554e+01 3.293900000000000161e-01
1.869512062784868789e+01 3.337999999999999856e-01
1.895493405001008824e+01 3.361399999999999944e-01
1.921835820117821214e+01 3.386199999999999766e-01
1.948544326106992131e+01 3.412299999999999778e-01
1.975624010676927611e+01 3.439800000000000080e-01
2.003080032241912178e+01 3.468600000000000017e-01
2.030917620904734733e+01 3.498800000000000243e-01
2.059142079452979246e+01 3.530300000000000105e-01
2.087758784369142262e+01 3.563100000000000156e-01
2.116773186854807776e+01 3.597299999999999942e-01
2.146190813869045755e+01 3.632900000000000018e-01
2.176017269181243563e+01 3.669700000000000184e-01
2.206258234438569232e+01 3.708000000000000185e-01
2.236919470248269093e+01 3.747599999999999820e-01
2.268006817275007592e+01 3.788500000000000201e-01
2.299526197353456070e+01 3.830799999999999761e-01
2.331483614616344369e+01 3.874400000000000066e-01
2.363885156638189144e+01 3.919400000000000106e-01
2.396736995594918085e+01 3.965699999999999781e-01
2.430045389439606751e+01 4.013399999999999745e-01
2.463816683094558968e+01 4.062500000000000000e-01
2.498057309659952452e+01 4.112899999999999889e-01
2.532773791639279182e+01 4.164700000000000069e-01
2.567972742181821388e+01 4.217899999999999983e-01
2.603660866342388758e+01 4.272400000000000087e-01
2.639844962358568026e+01 4.328400000000000025e-01
2.676531922945718733e+01 4.385600000000000054e-01
2.713728736609968450e+01 4.444299999999999917e-01
2.751442488979455092e+01 4.504299999999999971e-01
2.789680364154066439e+01 4.565799999999999859e-01
2.828449646073951484e+01 4.628599999999999937e-01
2.867757719907023883e+01 4.692700000000000204e-01
2.907612073455774393e+01 4.758299999999999752e-01
2.948020298583620402e+01 4.825200000000000045e-01
2.988990092661082798e+01 4.893500000000000072e-01
3.030529260032058758e+01 4.963199999999999834e-01
3.072645713500473263e+01 5.034199999999999786e-01
3.115347475837589286e+01 5.106600000000000028e-01
3.158642681310269040e+01 5.180399999999999450e-01
3.202539577230470513e+01 5.255499999999999616e-01
3.247046525526279481e+01 5.332099999999999618e-01
3.292172004334775437e+01 5.409899999999999709e-01
3.337924609617034122e+01 5.489100000000000090e-01
3.384313056795571839e+01 5.569600000000000106e-01
3.431346182414550583e+01 5.651399999999999757e-01
3.479032945823050227e+01 5.734599999999999698e-01
3.527382430881738173e+01 5.819100000000000383e-01
3.576403847693256211e+01 5.904899999999999594e-01
3.626106534356653555e+01 5.991999999999999549e-01
3.676499958746203589e+01 6.080400000000000249e-01
3.727593720314941805e+01 6.170099999999999474e-01
3.779397551923265297e+01 6.260999999999999899e-01
3.831921321692945526e+01 6.353199999999999958e-01
3.885175034886923839e+01 6.446699999999999653e-01
3.939168835815191017e+01 6.541400000000000547e-01
3.993913009767197053e+01 6.637300000000000422e-01
4.049417984971091045e+01 6.734400000000000386e-01
4.105694334580199012e+01 6.832599999999999785e-01
4.162752778687104183e+01 6.932099999999999929e-01
4.220604186365719812e+01 7.032699999999999507e-01
4.279259577741741793e+01 7.134500000000000286e-01
4.338730126091873984e+01 7.237400000000000500e-01
4.399027159972226997e+01 7.341499999999999693e-01
4.460162165376300436e+01 7.446599999999999886e-01
4.522146787922946487e+01 7.552799999999999514e-01
4.584992835074750417e+01 7.660000000000000142e-01
4.648712278387235131e+01 7.795499999999999652e-01
4.713317255789324633e+01 7.905100000000000460e-01
4.778820073895501253e+01 8.015799999999999592e-01
4.845233210350093600e+01 8.127499999999999725e-01
4.912569316204147185e+01 8.240100000000000202e-01
4.980841218325324604e+01 8.353599999999999914e-01
5.050061921841297163e+01 8.468099999999999516e-01
5.120244612617096180e+01 8.583499999999999464e-01
5.191402659766888661e+01 8.699700000000000211e-01
5.263549618200659097e+01 8.816800000000000193e-01
5.336699231206306848e+01 8.934800000000000519e-01
5.410865433067577612e+01 9.053499999999999881e-01
5.486062351718424424e+01 9.173000000000000043e-01
5.562304311434241555e+01 9.293299999999999894e-01
5.639605835560493574e+01 9.414299999999999891e-01
5.717981649279272460e+01 9.536000000000000032e-01
5.797446682414300057e+01 9.658400000000000318e-01
5.878016072274911608e+01 9.781400000000000095e-01
5.959705166539568211e+01 9.905000000000000471e-01
6.042529526179434640e+01 1.002899999999999903e+00
6.126504928422593821e+01 1.015400000000000080e+00
6.211647369759455017e+01 1.027900000000000036e+00
6.297973068989927015e+01 1.040499999999999980e+00
6.385498470312941066e+01 1.053199999999999914e+00
6.474240246458907677e+01 1.065800000000000081e+00
6.564215301865709762e+01 1.078600000000000003e+00
6.655440775898834715e+01 1.091299999999999937e+00
6.747934046116250784e+01 1.104100000000000081e+00
6.841712731578664375e+01 1.116999999999999993e+00
6.936794696205774358e+01 1.129799999999999915e+00
7.033198052179180593e+01 1.142700000000000049e+00
7.130941163392570559e+01 1.155599999999999961e+00
7.230042648949864770e+01 1.168600000000000083e+00
7.330521386711963316e+01 1.181499999999999995e+00
7.432396516892822547e+01 1.194499999999999895e+00
7.535687445705438847e+01 1.207500000000000018e+00
7.640413849058565177e+01 1.220499999999999918e+00
7.746595676304772837e+01 1.233500000000000041e+00
7.854253154040611662e+01 1.246499999999999941e+00
7.963406789959573473e+01 1.259500000000000064e+00
8.074077376758606306e+01 1.272499999999999964e+00
8.186285996098924045e+01 1.285400000000000098e+00
8.300054022621850436e+01 1.298399999999999999e+00
8.415403128020483337e+01 1.311399999999999899e+00
8.532355285167936643e+01 1.324300000000000033e+00
8.650932772302957119e+01 1.337299999999999933e+00
8.771158177273711942e+01 1.350200000000000067e+00
8.893054401840554135e+01 1.363099999999999978e+00
9.016644666038574485e+01 1.375899999999999901e+00
9.141952512600802550e+01 1.388700000000000045e+00
9.269001811442858241e+01 1.401499999999999968e+00
9.397816764209937901e+01 1.414299999999999891e+00
9.528421908886991787e+01 1.427000000000000046e+00
9.660842124472969772e+01 1.439699999999999980e+00
9.795102635720024864e+01 1.452299999999999924e+00
9.931229017938581194e+01 1.464900000000000091e+00
1.006924720186917313e+02 1.477500000000000036e+00
1.020918347862203319e+02 1.489999999999999991e+00
1.035106450468523036e+02 1.502399999999999958e+00
1.049491730700251253e+02 1.514799999999999924e+00
1.064076928812166187e+02 1.527099999999999902e+00
1.078864823141441462e+02 1.539400000000000102e+00
1.093858230636891591e+02 1.551600000000000090e+00
1.109060007395573564e+02 1.563700000000000090e+00
1.124473049206844735e+02 1.575800000000000090e+00
1.140100292103983151e+02 1.587800000000000100e+00
1.155944712923472366e+02 1.599699999999999900e+00
1.172009329872059737e+02 1.611599999999999921e+00
1.188297203101695487e+02 1.623399999999999954e+00
1.204811435292461397e+02 1.635099999999999998e+00
1.221555172243601106e+02 1.646700000000000053e+00
1.238531603472763436e+02 1.658300000000000107e+00
1.255743962823575117e+02 1.669699999999999962e+00
1.273195529081655621e+02 1.681100000000000039e+00
1.290889626599194173e+02 1.692399999999999904e+00
1.308829625928205189e+02 1.703699999999999992e+00
1.327018944462587058e+02 1.716199999999999948e+00
1.345461047089100362e+02 1.727200000000000069e+00
1.364159446847396282e+02 1.738199999999999967e+00
1.383117705599213991e+02 1.749000000000000110e+00
1.402339434706885868e+02 1.759800000000000031e+00
1.421828295721258542e+02 1.770499999999999963e+00
1.441588001079188643e+02 1.780999999999999917e+00
1.461622314810722685e+02 1.791500000000000092e+00
1.481935053256109143e+02 1.801800000000000068e+00
1.502530085792773491e+02 1.812100000000000044e+00
1.523411335572396013e+02 1.822200000000000042e+00
1.544582780268234785e+02 1.832300000000000040e+00
1.566048452832832538e+02 1.842200000000000060e+00
1.587812442266255459e+02 1.852000000000000091e+00
1.609878894395006341e+02 1.861599999999999921e+00
1.632252012661764695e+02 1.871199999999999974e+00
1.654936058926102191e+02 1.880600000000000049e+00
1.677935354276322357e+02 1.889899999999999913e+00
1.701254279852589093e+02 1.899000000000000021e+00
1.724897277681488106e+02 1.907999999999999918e+00
1.748868851522190084e+02 1.916900000000000048e+00
1.773173567724374209e+02 1.925599999999999978e+00
1.797816056098070305e+02 1.934099999999999930e+00
1.822801010795594436e+02 1.942499999999999893e+00
1.848133191205738228e+02 1.950800000000000090e+00
1.873817422860385022e+02 1.958900000000000086e+00
1.899858598353725370e+02 1.966800000000000104e+00
1.926261678274255473e+02 1.974499999999999922e+00
1.953031692149709500e+02 1.981999999999999984e+00
1.980173739405142044e+02 1.989400000000000057e+00
2.007692990334318210e+02 1.996499999999999941e+00
2.035594687084602299e+02 2.003499999999999837e+00
2.063884144655536090e+02 2.010200000000000209e+00
2.092566751911294318e+02 2.016799999999999926e+00
2.121647972607210306e+02 2.023099999999999898e+00
2.151133346430567315e+02 2.029199999999999893e+00
2.181028490055855684e+02 2.035099999999999909e+00
2.211339098214693308e+02 2.040700000000000180e+00
2.242070944780616060e+02 2.046100000000000030e+00
2.273229883868944796e+02 2.051299999999999901e+00
2.304821850951936142e+02 2.056200000000000028e+00
2.336852863989432763e+02 2.060900000000000176e+00
2.369329024575224594e+02 2.065300000000000136e+00
2.402256519099342995e+02 2.069500000000000117e+00
2.435641619926507531e+02 2.073300000000000143e+00
2.469490686590949906e+02 2.076999999999999957e+00
2.503810167007842438e+02 2.080299999999999816e+00
2.538606598701563541e+02 2.083400000000000141e+00
2.573886610051030743e+02 2.086199999999999832e+00
2.609656921552343647e+02 2.088600000000000012e+00
2.645924347098966791e+02 2.090899999999999981e+00
2.682695795279724393e+02 2.092799999999999994e+00
2.719978270694799107e+02 2.094399999999999817e+00
2.757778875290051701e+02 2.095699999999999896e+00
2.796104809709870551e+02 2.096799999999999997e+00
2.834963374668820393e+02 2.097500000000000142e+00
2.874361972342362037e+02 2.097900000000000098e+00
2.914308107776889187e+02 2.097999999999999865e+00
2.954809390319367708e+02 2.097900000000000098e+00
2.995873535066844511e+02 2.097399999999999931e+00
3.037508364336093223e+02 2.096600000000000019e+00
3.079721809153691083e+02 2.095499999999999918e+00
3.122521910766803899e+02 2.094100000000000072e+00
3.165916822174959293e+02 2.092400000000000038e+00
3.209914809683118619e+02 2.090399999999999814e+00
3.254524254476323790e+02 2.088099999999999845e+00
3.299753654216232235e+02 2.085500000000000131e+00
3.345611624659836139e+02 2.082500000000000018e+00
3.392106901300683717e+02 2.079299999999999926e+00
3.439248341032899248e+02 2.075800000000000090e+00
3.487044923838340083e+02 2.072000000000000064e+00
3.535505754497191333e+02 2.067899999999999849e+00
3.584640064322339867e+02 2.063499999999999890e+00
3.634457212917841957e+02 2.058800000000000185e+00
3.684966689961854058e+02 2.053799999999999848e+00
3.736178117014300710e+02 2.048599999999999977e+00
3.788101249349698492e+02 2.043000000000000149e+00
3.840745977815442416e+02 2.037199999999999900e+00
3.894122330715910039e+02 2.031099999999999905e+00
3.948240475722757310e+02 2.024700000000000166e+00
4.003110721811762005e+02 2.018100000000000005e+00
4.058743521226578537e+02 2.011099999999999888e+00
4.115149471469790683e+02 2.004000000000000004e+00
4.172339317321632279e+02 1.996499999999999941e+00
4.230323952886759002e+02 1.988899999999999890e+00
4.289114423669472558e+02 1.981000000000000094e+00
4.348721928677779260e+02 1.972800000000000109e+00
4.409157822556689439e+02 1.964299999999999935e+00
4.470433617751169777e+02 1.955600000000000005e+00
4.532560986699147065e+02 1.946700000000000097e+00
4.595551764054995942e+02 1.937500000000000000e+00
4.659417948943923307e+02 1.928099999999999925e+00
4.724171707247684822e+02 1.918500000000000094e+00
4.789825373922063250e+02 1.908700000000000063e+00
4.856391455346561656e+02 1.898600000000000065e+00
4.923882631706741790e+02 1.888400000000000079e+00
4.992311759409670344e+02 1.877899999999999903e+00
5.061691873532960813e+02 1.867199999999999971e+00
5.132036190307795778e+02 1.856300000000000061e+00
5.203358109636510562e+02 1.845299999999999940e+00
5.275671217645137858e+02 1.834000000000000075e+00
5.348989289271429470e+02 1.822599999999999998e+00
5.423326290888851418e+02 1.810899999999999954e+00
5.498696382967036698e+02 1.799099999999999921e+00
5.575113922769215833e+02 1.787199999999999900e+00
5.652593467087140198e+02 1.774999999999999911e+00
5.731149775013999488e+02 1.762699999999999934e+00
5.810797810755894943e+02 1.750299999999999967e+00
5.891552746482360590e+02 1.737700000000000022e+00
5.973429965216525943e+02 1.725000000000000089e+00
6.056445063765422674e+02 1.712099999999999955e+00
6.140613855691022991e+02 1.699000000000000066e+00
6.225952374322575906e+02 1.685899999999999954e+00
6.312476875810790489e+02 1.672600000000000087e+00
6.400203842224476602e+02 1.659200000000000008e+00
6.489149984690219526e+02 1.645699999999999941e+00
6.579332246575681893e+02 1.631999999999999895e+00
6.670767806717151416e+02 1.618300000000000072e+00
6.763474082691938065e+02 1.604500000000000037e+00
6.857468734136250532e+02 1.590500000000000025e+00
6.952769666109202262e+02 1.576500000000000012e+00
7.049395032503517768e+02 1.562400000000000011e+00
7.147363239503691830e+02 1.548100000000000032e+00
7.246692949092183653e+02 1.533900000000000041e+00
7.347403082604340625e+02 1.519500000000000073e+00
7.449512824332726950e+02 1.505100000000000104e+00
7.553041625181541576e+02 1.490599999999999925e+00
7.658009206371829123e+02 1.475999999999999979e+00
7.764435563198172758e+02 1.461400000000000032e+00
7.872340968837607988e+02 1.446700000000000097e+00
7.981745978211461079e+02 1.431999999999999940e+00
8.092671431900856760e+02 1.417200000000000015e+00
8.205138460116652368e+02 1.402400000000000091e+00
8.319168486724528293e+02 1.387599999999999945e+00
8.434783233326025993e+02 1.372700000000000031e+00
8.552004723396304371e+02 1.357799999999999896e+00
8.670855286479392134e+02 1.342899999999999983e+00
8.791357562441743312e+02 1.328000000000000069e+00
8.913534505784917883e+02 1.312999999999999945e+00
9.037409390018184467e+02 1.298100000000000032e+00
9.163005812091893176e+02 1.283099999999999907e+00
9.290347696892470140e+02 1.268100000000000005e+00
9.419459301799865898e+02 1.253200000000000092e+00
9.550365221308344417e+02 1.238199999999999967e+00
9.683090391711531311e+02 1.223300000000000054e+00
9.817660095852468203e+02 1.208299999999999930e+00
9.954099967939796443e+02 1.193400000000000016e+00
1.009243599843081370e+03 1.178500000000000103e+00
1.023269453898235156e+03 1.163599999999999968e+00
1.037490230747062469e+03 1.148800000000000043e+00
1.051908639308056763e+03 1.133999999999999897e+00
1.066527426146622247e+03 1.119199999999999973e+00
1.081349375998250935e+03 1.104400000000000048e+00
1.096377312299004871e+03 1.089699999999999891e+00
1.111614097723335135e+03 1.075099999999999945e+00
1.127062634729408956e+03 1.060400000000000009e+00
1.142725866111992900e+03 1.045900000000000052e+00
1.158606775563019482e+03 1.031400000000000095e+00
1.174708388239967235e+03 1.016899999999999915e+00
1.191033771342104956e+03 1.002499999999999947e+00
1.207586034694781802e+03 9.882100000000000328e-01
1.224368331341799831e+03 9.739499999999999824e-01
1.241383858146056809e+03 9.597599999999999465e-01
1.258635856398498163e+03 9.456400000000000361e-01
1.276127612435570200e+03 9.315999999999999837e-01
1.293862458265215309e+03 9.176299999999999457e-01
1.311843772201607862e+03 9.037399999999999878e-01
1.330074979508667184e+03 8.899399999999999533e-01
1.348559553052560659e+03 8.762199999999999989e-01
1.367301013963226296e+03 8.625899999999999679e-01
1.386302932305137801e+03 8.490400000000000169e-01
1.405568927757342635e+03 8.355900000000000549e-01
1.425102670302999286e+03 8.222399999999999709e-01
1.444907880928449458e+03 8.090899999999999759e-01
1.464988332332053233e+03 7.959199999999999608e-01
1.485347849642826759e+03 7.828600000000000003e-01
1.505990311149116224e+03 7.699000000000000288e-01
1.526919649037349927e+03 7.570500000000000007e-01
1.548139850141101761e+03 7.442999999999999616e-01
1.569654956700535195e+03 7.316599999999999770e-01
1.591469067132400824e+03 7.191300000000000470e-01
1.613586336810766625e+03 7.067099999999999493e-01
1.636010978858550743e+03 6.944099999999999717e-01
1.658747264950105318e+03 6.822200000000000486e-01
1.681799526124903196e+03 6.701500000000000234e-01
1.705172153612583770e+03 6.581900000000000528e-01
1.728869599669413901e+03 6.463600000000000456e-01
1.752896378426424917e+03 6.346500000000000474e-01
1.777257066749283240e+03 6.230499999999999927e-01
1.801956305110166113e+03 6.115899999999999670e-01
1.826998798471698592e+03 6.002399999999999958e-01
1.852389317183230332e+03 5.890199999999999880e-01
1.878132697889511292e+03 5.779300000000000548e-01
1.904233844452056019e+03 5.669600000000000195e-01
1.930697728883249511e+03 5.561199999999999477e-01
1.957529392293498404e+03 5.454099999999999504e-01
1.984733945851481394e+03 5.348300000000000276e-01
2.012316571757808561e+03 5.243799999999999573e-01
2.040282524232147580e+03 5.140599999999999614e-01
2.068637130514134242e+03 5.038700000000000401e-01
2.097385791878124564e+03 4.938100000000000267e-01
2.126533984662115927e+03 4.838899999999999868e-01
2.156087261310922713e+03 4.740900000000000114e-01
2.186051251433847483e+03 4.644300000000000095e-01
2.216431662877100280e+03 4.549000000000000266e-01
2.247234282811048161e+03 4.455000000000000071e-01
2.278464978832654651e+03 4.362400000000000166e-01
2.310129700083158241e+03 4.270999999999999797e-01
2.342234478381365989e+03 4.181000000000000272e-01
2.374785429372617727e+03 4.092399999999999927e-01
2.407788753693792387e+03 4.005000000000000226e-01
2.441250738154432838e+03 3.919000000000000261e-01
2.475177756934358058e+03 3.834199999999999831e-01
2.509576272797844467e+03 3.750800000000000245e-01
2.544452838324757522e+03 3.668699999999999739e-01
2.579814097158713594e+03 3.587899999999999978e-01
2.615666785272671405e+03 3.508399999999999852e-01
2.652017732252024871e+03 3.430199999999999916e-01
2.688873862595617084e+03 3.353300000000000169e-01
2.726242197034743185e+03 3.277700000000000058e-01
2.764129853870577335e+03 3.203300000000000036e-01
2.802544050330094706e+03 3.130200000000000204e-01
2.841492103940924608e+03 3.058400000000000007e-01
2.880981433925225701e+03 2.987799999999999900e-01
2.921019562613013022e+03 2.918399999999999883e-01
2.961614116875071886e+03 2.850300000000000056e-01
3.002772829575783362e+03 2.783399999999999763e-01
3.044503541046201008e+03 2.717800000000000216e-01
3.086814200577509837e+03 2.653300000000000103e-01
3.129712867935335908e+03 2.590000000000000080e-01
3.173207714895002482e+03 2.527900000000000147e-01
3.217307026798226161e+03 2.467000000000000026e-01
3.262019204131338483e+03 2.407299999999999995e-01
3.307352764125551857e+03 2.348699999999999954e-01
3.353316342379352136e+03 2.291199999999999903e-01
3.399918694503551706e+03 2.234800000000000120e-01
3.447168697789091766e+03 2.179599999999999871e-01
3.495075352898134952e+03 2.125499999999999889e-01
3.543647785578546973e+03 2.072400000000000075e-01
3.592895248402317975e+03 2.020500000000000074e-01
3.642827122528031396e+03 1.969599999999999962e-01
3.693452919487938743e+03 1.919700000000000017e-01
3.744782282999754898e+03 1.870900000000000063e-01
3.796824990803752826e+03 1.823099999999999998e-01
3.849590956525263664e+03 1.776300000000000101e-01
3.903090231563189263e+03 1.730599999999999916e-01
3.957333007004632236e+03 1.685800000000000076e-01
4.012329615566260600e+03 1.641900000000000026e-01
4.068090533562523888e+03 1.598999999999999866e-01
4.124626382901347824e+03 1.557099999999999873e-01
4.181947933107477184e+03 1.516099999999999948e-01
4.240066103373939768e+03 1.476000000000000090e-01
4.298991964642104904e+03 1.436800000000000022e-01
4.358736741710518800e+03 1.398500000000000021e-01
4.419311815373193895e+03 1.360999999999999988e-01
4.480728724587459510e+03 1.324400000000000022e-01
4.542999168672098676e+03 1.288700000000000123e-01
4.606135009535877543e+03 1.253799999999999915e-01
4.670148273937196791e+03 1.219599999999999990e-01
4.735051155774996914e+03 1.186299999999999993e-01
4.800856018411652258e+03 1.153799999999999965e-01
4.867575397027992949e+03 1.122100000000000042e-01
4.935222001011210523e+03 1.091099999999999987e-01
5.003808716375796394e+03 1.060799999999999937e-01
5.073348608218278059e+03 1.031299999999999994e-01
5.143854923205909472e+03 1.002500000000000058e-01
5.215341092100117748e+03 9.744500000000000384e-02
5.287820732314845372e+03 9.470499999999999752e-02
5.361307650510617350e+03 9.203300000000000369e-02
5.435815845224494296e+03 8.942799999999999361e-02
5.511359509536734549e+03 8.684300000000000352e-02
5.587953033774356300e+03 8.436799999999999855e-02
5.665611008252430111e+03 8.195600000000000107e-02
5.744348226053354665e+03 7.960499999999999521e-02
5.824179685844759661e+03 7.731399999999999384e-02
5.905120594736689782e+03 7.508199999999999597e-02
5.987186371178311674e+03 7.290800000000000058e-02
6.070392647895075243e+03 7.079000000000000570e-02
6.154755274866494801e+03 6.872699999999999643e-02
6.240290322345518689e+03 6.671799999999999953e-02
6.327014083919647419e+03 6.476200000000000012e-02
6.414943079614810813e+03 6.285699999999999621e-02
6.504094059042161462e+03 6.100300000000000167e-02
6.594484004588822245e+03 5.919900000000000162e-02
6.686130134652754350e+03 5.744300000000000100e-02
6.779049906922798982e+03 5.573399999999999882e-02
6.873261021704093764e+03 5.407100000000000101e-02
6.968781425289909748e+03 5.245299999999999963e-02
7.065629313380139138e+03 5.088000000000000161e-02
7.163823134547506925e+03 4.934899999999999703e-02
7.263381593751727451e+03 4.786100000000000076e-02
7.364323655902735482e+03 4.641300000000000286e-02
7.466668549473195526e+03 4.500599999999999740e-02
7.570435770161459004e+03 4.363800000000000318e-02
7.675645084605176635e+03 4.230799999999999839e-02
7.782316534146763843e+03 4.101500000000000284e-02
7.890470438651029326e+03 3.975800000000000167e-02
8.000127400375861725e+03 3.853800000000000281e-02
8.111308307896872066e+03 3.735100000000000225e-02
8.224034340086333032e+03 3.619900000000000201e-02
8.338326970147674729e+03 3.507899999999999907e-02
8.454207969705787036e+03 3.399100000000000038e-02
8.571699412954440049e+03 3.293499999999999900e-02
8.690823680861058165e+03 3.190899999999999986e-02
8.811603465430216602e+03 3.091299999999999951e-02
8.934061774026107742e+03 2.994600000000000040e-02
9.058221933755356076e+03 2.900600000000000053e-02
9.184107595910458258e+03 2.809499999999999845e-02
9.311742740475276150e+03 2.721000000000000155e-02
9.441151680692832088e+03 2.635099999999999942e-02
9.572359067696897910e+03 2.551799999999999902e-02
9.705389895207639711e+03 2.470899999999999833e-02
9.840269504292831698e+03 2.392400000000000082e-02
9.977023588194926560e+03 2.316199999999999856e-02
1.011567819722551940e+04 2.242399999999999949e-02
1.025625974372751989e+04 2.170700000000000060e-02
1.039879500710660795e+04 2.101199999999999943e-02
1.054331113893228212e+04 2.033799999999999844e-02
1.068983566811010678e+04 1.968400000000000011e-02
1.083839650612565129e+04 1.905000000000000096e-02
1.098902195236127227e+04 1.843600000000000100e-02
1.114174069948702709e+04 1.784000000000000169e-02
1.129658183892617853e+04 1.726199999999999957e-02
1.145357486639698800e+04 1.670200000000000157e-02
1.161274968753119174e+04 1.615899999999999975e-02
1.177413662357091016e+04 1.563300000000000106e-02
1.193776641714435755e+04 1.512299999999999929e-02
1.210367023812220759e+04 1.462899999999999964e-02
1.227187968955495126e+04 1.414999999999999938e-02
1.244242681369315869e+04 1.368699999999999951e-02
1.261534409809102544e+04 1.323700000000000050e-02
1.279066448179512736e+04 1.280199999999999914e-02
1.296842136161878079e+04 1.238000000000000038e-02
1.314864859850401990e+04 1.197200000000000000e-02
1.333138052397156389e+04 1.157599999999999948e-02
1.351665194666083880e+04 1.119299999999999982e-02
1.370449815896047767e+04 1.082200000000000002e-02
1.389495494373138899e+04 1.046300000000000008e-02
1.408805858112281385e+04 1.011500000000000073e-02
1.428384585548357063e+04 9.777900000000000827e-03
1.448235406236888230e+04 9.451799999999999785e-03
1.468362101564501063e+04 9.136200000000000571e-03
1.488768505469235242e+04 8.830700000000000355e-03
1.509458505170860917e+04 8.534899999999999778e-03
1.530436041911378379e+04 8.248699999999999435e-03
1.551705111705760828e+04 7.971699999999999967e-03
1.573269766103181064e+04 7.703599999999999684e-03
1.595134112958766855e+04 7.444199999999999776e-03
1.617302317216132360e+04 7.193200000000000288e-03
1.639778601700732906e+04 6.950300000000000401e-03
1.662567247924298863e+04 6.715399999999999842e-03
1.685672596900394274e+04 6.488100000000000117e-03
1.709099049971364002e+04 6.268199999999999814e-03
1.732851069646720498e+04 6.055500000000000119e-03
1.756933180453233945e+04 5.849799999999999618e-03
1.781349969796783625e+04 5.650800000000000094e-03
1.806106088836241543e+04 5.458300000000000131e-03
1.831206253369442857e+04 5.272200000000000324e-03
1.856655244731530183e+04 5.092300000000000125e-03
1.882457910705720496e+04 4.918200000000000176e-03
1.908619166446789677e+04 4.749999999999999882e-03
1.935143995417331826e+04 4.587299999999999885e-03
1.962037450337090559e+04 4.429999999999999910e-03
1.989304654145420864e+04 4.277900000000000279e-03
2.016950800977186736e+04 4.130899999999999850e-03
2.044981157152181913e+04 3.988799999999999811e-03
2.073401062178298162e+04 3.851400000000000049e-03
2.102215929768679416e+04 3.718599999999999857e-03
2.131431248872946890e+04 3.590299999999999828e-03
2.161052584722823667e+04 3.466299999999999850e-03
2.191085579892223905e+04 3.346399999999999809e-03
2.221535955372140961e+04 3.230600000000000138e-03
2.252409511660405769e+04 3.118699999999999858e-03
2.283712129866660325e+04 3.010500000000000155e-03
2.315449772832614690e+04 2.906000000000000163e-03
2.347628486267947301e+04 2.805100000000000041e-03
2.380254399901915895e+04 2.707499999999999837e-03
2.413333728651048295e+04 2.613299999999999824e-03
2.446872773802984739e+04 2.522200000000000050e-03
2.480877924216850079e+04 2.434299999999999919e-03
2.515355657540230823e+04 2.349299999999999913e-03
2.550312541443141527e+04 2.267200000000000031e-03
2.585755234869061314e+04 2.187999999999999841e-03
2.621690489303439244e+04 2.111399999999999822e-03
2.658125150059744556e+04 2.037499999999999815e-03
2.695066157583472523e+04 1.966100000000000139e-03
2.732520548774189228e+04 1.897100000000000088e-03
2.770495458326030348e+04 1.830500000000000096e-03
2.808998120086773633e+04 1.766200000000000105e-03
2.848035868435799057e+04 1.704100000000000059e-03
2.887616139681255299e+04 1.644099999999999902e-03
2.927746473476558094e+04 1.586200000000000066e-03
2.968434514256667535e+04 1.529699999999999940e-03
3.009688012694228746e+04 1.475799999999999985e-03
3.051514827176049585e+04 1.423699999999999966e-03
3.093922925299995040e+04 1.373400000000000098e-03
3.136920385392787284e+04 1.324899999999999949e-03
3.180515398048797215e+04 1.278099999999999896e-03
3.224716267690323366e+04 1.232800000000000042e-03
3.269531414149450939e+04 1.189200000000000066e-03
3.314969374271999550e+04 1.147000000000000016e-03
3.361038803543656832e+04 1.106400000000000005e-03
3.407748477738815563e+04 1.067100000000000080e-03
3.455107294592218386e+04 1.029200000000000080e-03
3.503124275493944879e+04 9.926500000000000861e-04
3.551808567207842134e+04 9.573599999999999818e-04
3.601169443613949989e+04 9.233099999999999944e-04
3.651216307475025678e+04 8.904400000000000466e-04
3.701958692227738356e+04 8.587300000000000402e-04
3.753406263798633154e+04 8.281200000000000063e-04
3.805568822445450496e+04 7.985899999999999553e-04
3.858456304623955657e+04 7.701000000000000163e-04
3.912078784880712192e+04 7.426099999999999932e-04
3.966446477772240178e+04 7.160800000000000151e-04
4.021569739810723695e+04 6.904899999999999840e-04
4.077459071436890372e+04 6.658000000000000290e-04
4.134125119020178681e+04 6.419800000000000029e-04
4.191578676886828907e+04 6.189900000000000350e-04
4.249830689376033843e+04 5.968199999999999677e-04
4.308892252924793866e+04 5.754300000000000387e-04
4.368774618181608821e+04 5.548000000000000414e-04
4.429489192149689188e+04 5.349000000000000456e-04
4.491047540359806590e+04 5.157000000000000126e-04
4.553461389073484315e+04 4.971799999999999527e-04
4.616742627516663924e+04 4.793199999999999848e-04
4.680903310144558054e+04 4.620900000000000159e-04
4.745955658937834960e+04 4.454700000000000023e-04
4.811912065730855829e+04 4.294400000000000083e-04
4.878785094572127127e+04 4.139899999999999852e-04
4.946587484117702115e+04 3.990800000000000076e-04
5.015332150057691615e+04 3.847000000000000267e-04
5.085032187576659635e+04 3.708299999999999986e-04
5.155700873848039919e+04 3.574599999999999826e-04
5.227351670563397784e+04 3.445599999999999943e-04
5.299998226496659481e+04 3.321299999999999795e-04
5.373654380104148004e+04 3.201400000000000079e-04
5.448334162160639244e+04 3.085699999999999815e-04
5.524051798432056239e+04 2.974200000000000086e-04
5.600821712385413412e+04 2.866699999999999912e-04
5.678658527936255996e+04 2.762999999999999940e-04
5.757577072234465595e+04 2.663000000000000219e-04
5.837592378488591203e+04 2.566600000000000261e-04
5.918719688829624647e+04 2.473700000000000118e-04
6.000974457214380527e+04 2.384099999999999891e-04
6.084372352369419241e+04 2.297699999999999905e-04
6.168929260775689909e+04 2.214399999999999940e-04
6.254661289694847073e+04 2.134100000000000049e-04
6.341584770237423800e+04 2.056700000000000010e-04
6.429716260473852890e+04 1.982099999999999878e-04
6.519072548588513746e+04 1.910100000000000025e-04
6.609670656077818421e+04 1.840699999999999910e-04
6.701527840992534766e+04 1.773900000000000075e-04
6.794661601225385675e+04 1.709400000000000134e-04
6.889089677844116522e+04 1.647300000000000034e-04
6.984830058471098891e+04 1.587399999999999879e-04
7.081900980709693977e+04 1.529599999999999992e-04
7.180320935618442309e+04 1.474000000000000050e-04
7.280108671233321365e+04 1.420299999999999937e-04
7.381283196139156644e+04 1.368599999999999873e-04
7.483863783090532525e+04 1.318799999999999909e-04
7.587869972683014930e+04 1.270699999999999879e-04
7.693321577075551613e+04 1.224400000000000000e-04
7.800238683764367306e+04 1.179800000000000054e-04
7.908641659409564454e+04 1.136799999999999958e-04
8.018551153714640532e+04 1.095300000000000033e-04
8.129988103360187961e+04 1.055300000000000010e-04
8.242973735991989088e+04 1.016800000000000023e-04
8.357529574264812982e+04 9.796999999999999882e-05
8.473677439942133788e+04 9.439200000000000021e-05
8.591439458053097769e+04 9.094500000000000424e-05
8.710838061106987880e+04 8.762199999999999557e-05
8.831895993366533366e+04 8.441999999999999472e-05
8.954636315180332167e+04 8.133400000000000428e-05
9.079082407375761250e+04 7.836000000000000192e-05
9.205257975712649932e+04 7.549400000000000598e-05
9.333187055399139354e+04 7.273299999999999633e-05
9.462894015670011868e+04 7.007100000000000047e-05
9.594403564428936807e+04 6.750700000000000266e-05
9.727740752954928030e+04 6.503600000000000548e-05
9.862930980674532475e+04 6.265400000000000017e-05
1.000000000000000000e+05 6.036400000000000007e-05
