#Information header
#___________________
#Incoming proton spectre - 11mm Shielding - Maximum solar activity --  Near-Earth Interplanetary/Geosynchronous Orbit
#Data produce with 'FLUX' tool from CREME96 - See CREME96 Documentation for more Details
#____________________
#
#Creme96 header
#____________________________________
#8 Proton_Gaia_solar_max_shield_11mm.TFX                                  210 4
#%Created by CREME96:TRANSPORT_DRIVER Version  210 on  20160711 at 035413.1
#%ZMIN =  1 ZMAX =  1  EMIN = 1.0000E-01 EMAX = 1.0000E+05 MeV/nuc  MBINS = 1002
#%Thickness =     1.1000 cm        ALUMINUM
#%Input File to TRANSPORT_DRIVER: Proton_Gaia.flx
#%Created by CREME96:FLUX_DRIVER Version  210 on  20160711 at 034918.4
#%ZMIN =  1 ZMAX =  1
#%IMODE  =   0 SOLAR-QUIET MODE: YEAR =  1977.0000
#%ITRANS =   0 GEOSYNCH/NEAR-EARTH INTERPLANETARY FLUXES
#1.0000E-01  1.0000E+05   1002      1      1  ALUMINUM         1.100  2 0  210 4
#________________________________________
#
1.000000000000000056e-01 1.736800000000000149e-02
1.013897392123502827e-01 1.741799999999999946e-02
1.027987921754840023e-01 1.746899999999999842e-02
1.042274273001691787e-01 1.752099999999999838e-02
1.056759167273834815e-01 1.757500000000000034e-02
1.071445363801545730e-01 1.762899999999999884e-02
1.086335660161204947e-01 1.768399999999999833e-02
1.101432892808209413e-01 1.773999999999999883e-02
1.116739937617289152e-01 1.779700000000000032e-02
1.132259710430332522e-01 1.785399999999999834e-02
1.147995167611826628e-01 1.791200000000000084e-02
1.163949306612014484e-01 1.797100000000000086e-02
1.180125166537880910e-01 1.803199999999999942e-02
1.196525828732071806e-01 1.809399999999999897e-02
1.213154417359860598e-01 1.815599999999999853e-02
1.230014100004269972e-01 1.821800000000000155e-02
1.247108088269466702e-01 1.828199999999999964e-02
1.264439638392539367e-01 1.834600000000000120e-02
1.282012051863780644e-01 1.841100000000000028e-02
1.299828676055587995e-01 1.847700000000000037e-02
1.317892904860105685e-01 1.854400000000000145e-02
1.336208179335728885e-01 1.861300000000000107e-02
1.354777988362589336e-01 1.868099999999999969e-02
1.373605869307154559e-01 1.874999999999999931e-02
1.392695408696061066e-01 1.881999999999999992e-02
1.412050242899312302e-01 1.889100000000000154e-02
1.431674058822971496e-01 1.896199999999999969e-02
1.451570594611480691e-01 1.903499999999999984e-02
1.471743640359742533e-01 1.910900000000000098e-02
1.492197038835093303e-01 1.918299999999999866e-02
1.512934686209314594e-01 1.925800000000000081e-02
1.533960532800814069e-01 1.933400000000000049e-02
1.555278583827123806e-01 1.941000000000000017e-02
1.576892900167855549e-01 1.948799999999999838e-02
1.598807599138255819e-01 1.956700000000000106e-02
1.621026855273516309e-01 1.964600000000000027e-02
1.643554901123981116e-01 1.972600000000000048e-02
1.666396028061405965e-01 1.980700000000000169e-02
1.689554587096422922e-01 1.988799999999999943e-02
1.713034989707364342e-01 1.997200000000000017e-02
1.736841708680608165e-01 2.005499999999999991e-02
1.760979278962597205e-01 2.013900000000000065e-02
1.785452298523703685e-01 2.022399999999999892e-02
1.810265429234096668e-01 2.031000000000000166e-02
1.835423397751783925e-01 2.039799999999999947e-02
1.860930996422992534e-01 2.048600000000000074e-02
1.886793084195063641e-01 2.057499999999999954e-02
1.913014587542035683e-01 2.066499999999999934e-02
1.939600501403088428e-01 2.075499999999999914e-02
1.966555890134029927e-01 2.084799999999999848e-02
1.993885888472006485e-01 2.094100000000000128e-02
2.021595702513620252e-01 2.103400000000000061e-02
2.049690610706640381e-01 2.112899999999999848e-02
2.078175964855492608e-01 2.122599999999999834e-02
2.107057191140727648e-01 2.132300000000000167e-02
2.136339791152656598e-01 2.142000000000000154e-02
2.166029342939347346e-01 2.151899999999999993e-02
2.196131502069188501e-01 2.162000000000000033e-02
2.226652002708221223e-01 2.172100000000000072e-02
2.257596658712440474e-01 2.182299999999999865e-02
2.288971364735276903e-01 2.192699999999999858e-02
2.320782097350472528e-01 2.203199999999999950e-02
2.353034916190557269e-01 2.213800000000000143e-02
2.385735965101150602e-01 2.224399999999999988e-02
2.418891473311304552e-01 2.235399999999999887e-02
2.452507756620109225e-01 2.246300000000000033e-02
2.486591218599790432e-01 2.257299999999999932e-02
2.521148351815530320e-01 2.268600000000000130e-02
2.556185739062233897e-01 2.279899999999999982e-02
2.591710054618487358e-01 2.291299999999999934e-02
2.627728065517945799e-01 2.302999999999999839e-02
2.664246632838381812e-01 2.314700000000000091e-02
2.701272713008658899e-01 2.326500000000000096e-02
2.738813359133858705e-01 2.338600000000000054e-02
2.776875722338830177e-01 2.350700000000000012e-02
2.815467053130407127e-01 2.362900000000000070e-02
2.854594702778563420e-01 2.375499999999999834e-02
2.894266124716751154e-01 2.387999999999999845e-02
2.934488875961709931e-01 2.400599999999999956e-02
2.975270618553007007e-01 2.413600000000000120e-02
3.016619121012574789e-01 2.426599999999999938e-02
3.058542259824543197e-01 2.439900000000000055e-02
3.101048020935628924e-01 2.453100000000000072e-02
3.144144501276384118e-01 2.466700000000000143e-02
3.187839910303577051e-01 2.480299999999999866e-02
3.232142571564017297e-01 2.494000000000000036e-02
3.277060924280109089e-01 2.508300000000000113e-02
3.322603524957438159e-01 2.522299999999999889e-02
3.368779049014704596e-01 2.536499999999999866e-02
3.415596292436303139e-01 2.551099999999999896e-02
3.463064173447872873e-01 2.565800000000000025e-02
3.511191734215131088e-01 2.580500000000000155e-02
3.559988142566320457e-01 2.595799999999999844e-02
3.609462693738585415e-01 2.610799999999999926e-02
3.659624812148625228e-01 2.626200000000000062e-02
3.710484053187955156e-01 2.641800000000000051e-02
3.762050105043112103e-01 2.657699999999999993e-02
3.814332790541160034e-01 2.673700000000000035e-02
3.867342069020845430e-01 2.689700000000000077e-02
3.921088038229746942e-01 2.706100000000000172e-02
3.975580936247802288e-01 2.722700000000000120e-02
4.030831143437560438e-01 2.739600000000000021e-02
4.086849184421538217e-01 2.756600000000000023e-02
4.143645730087062162e-01 2.773600000000000024e-02
4.201231599618960311e-01 2.791000000000000078e-02
4.259617762560515830e-01 2.808499999999999885e-02
4.318815340903057187e-01 2.826499999999999846e-02
4.378835611204586753e-01 2.844700000000000006e-02
4.439690006737853634e-01 2.862800000000000067e-02
4.501390119668286505e-01 2.881299999999999834e-02
4.563947703262177802e-01 2.900000000000000147e-02
4.627374674125572795e-01 2.919000000000000067e-02
4.691683114474261562e-01 2.937999999999999987e-02
4.756885274435327382e-01 2.957399999999999959e-02
4.822993574380670667e-01 2.977099999999999885e-02
4.890020607292973054e-01 2.997000000000000011e-02
4.957979141164532977e-01 3.017200000000000090e-02
5.026882121429444572e-01 3.037700000000000122e-02
5.096742673429575099e-01 3.058200000000000154e-02
5.167574104914816058e-01 3.079099999999999893e-02
5.239389908578074850e-01 3.100299999999999931e-02
5.312203764625508251e-01 3.121700000000000169e-02
5.386029543382456763e-01 3.143399999999999667e-02
5.460881307935613327e-01 3.165400000000000158e-02
5.536773316811901546e-01 3.187500000000000056e-02
5.613720026694584142e-01 3.209999999999999659e-02
5.691736095177117871e-01 3.232700000000000157e-02
5.770836383555288940e-01 3.255899999999999767e-02
5.851035959658134056e-01 3.278999999999999970e-02
5.932350100718218888e-01 3.302700000000000080e-02
6.014794296281801289e-01 3.326699999999999796e-02
6.098384251159436609e-01 3.350600000000000106e-02
6.183135888417592430e-01 3.375299999999999828e-02
6.269065352411835601e-01 3.400199999999999750e-02
6.356189011862167781e-01 3.425199999999999773e-02
6.444523462971116778e-01 3.450399999999999995e-02
6.534085532585139910e-01 3.475999999999999923e-02
6.624892281399981098e-01 3.502199999999999758e-02
6.716961007210564549e-01 3.528400000000000286e-02
6.810309248206047883e-01 3.555099999999999927e-02
6.904954786310685266e-01 3.582300000000000068e-02
7.000915650571102322e-01 3.609500000000000208e-02
7.098210120590656702e-01 3.637200000000000155e-02
7.196856730011519376e-01 3.665100000000000302e-02
7.296874270045159427e-01 3.693400000000000155e-02
7.398281793051876276e-01 3.722000000000000308e-02
7.501098616170089883e-01 3.751000000000000167e-02
7.605344324996069494e-01 3.780200000000000227e-02
7.711038777314797033e-01 3.810199999999999698e-02
7.818202106882674585e-01 3.839900000000000257e-02
7.926854727262818701e-01 3.870400000000000229e-02
8.037017335713632082e-01 3.901299999999999907e-02
8.148710917131434250e-01 3.932599999999999985e-02
8.261956748047878385e-01 3.963799999999999962e-02
8.376776400682920398e-01 3.995800000000000046e-02
8.493191747054112950e-01 4.028299999999999936e-02
8.611224963143021549e-01 4.060799999999999826e-02
8.730898533119516580e-01 4.094099999999999823e-02
8.852235253624793909e-01 4.127600000000000019e-02
8.975258238113913434e-01 4.161399999999999821e-02
9.099990921258679366e-01 4.195600000000000024e-02
9.226457063411727111e-01 4.230199999999999932e-02
9.354680755132621650e-01 4.265499999999999847e-02
9.484686421776885590e-01 4.301100000000000062e-02
9.616498828148781763e-01 4.336899999999999783e-02
9.750143083218770768e-01 4.373200000000000004e-02
9.885644644906518286e-01 4.410300000000000331e-02
1.002302932493039256e+00 4.511099999999999832e-02
1.016232329372431797e+00 4.549799999999999678e-02
1.030355308542300730e+00 4.589000000000000024e-02
1.044674560291645848e+00 4.628299999999999775e-02
1.059192812297466757e+00 4.667999999999999927e-02
1.073912830144360342e+00 4.708199999999999885e-02
1.088837417851337142e+00 4.749199999999999949e-02
1.103969418405959413e+00 4.790099999999999913e-02
1.119311714305902372e+00 4.831599999999999784e-02
1.134867228108041637e+00 4.873600000000000154e-02
1.150638922985171897e+00 4.916500000000000037e-02
1.166629803290461842e+00 4.959299999999999820e-02
1.182842915129754369e+00 5.002899999999999708e-02
1.199281346941819759e+00 5.046699999999999797e-02
1.215948230086672188e+00 5.091400000000000092e-02
1.232846739442065909e+00 5.136000000000000287e-02
1.249980094008274145e+00 5.181800000000000295e-02
1.267351557521280148e+00 5.227400000000000102e-02
1.284964439074485432e+00 5.273900000000000116e-02
1.302822093749060439e+00 5.321300000000000335e-02
1.320927923253053970e+00 5.368799999999999961e-02
1.339285376569385955e+00 5.416699999999999987e-02
1.357897950612843907e+00 5.465300000000000019e-02
1.376769190896211414e+00 5.514199999999999657e-02
1.395902692205653883e+00 5.563900000000000096e-02
1.415302099285489001e+00 5.614299999999999846e-02
1.434971107532475587e+00 5.664799999999999697e-02
1.454913463699751386e+00 5.716199999999999753e-02
1.475132966610550600e+00 5.767699999999999910e-02
1.495633467881843481e+00 5.820499999999999979e-02
1.516418872658031658e+00 5.873199999999999948e-02
1.537493140354840415e+00 5.927099999999999730e-02
1.558860285413547597e+00 5.980900000000000105e-02
1.580524378065695013e+00 6.035800000000000193e-02
1.602489545108429558e+00 6.091200000000000087e-02
1.624759970690615063e+00 6.147600000000000287e-02
1.647339897109873386e+00 6.203800000000000286e-02
1.670233625620699325e+00 6.261300000000000199e-02
1.693445517253809873e+00 6.319099999999999717e-02
1.716979993646874147e+00 6.377599999999999936e-02
1.740841537886794299e+00 6.436799999999999466e-02
1.765034695363688622e+00 6.496699999999999697e-02
1.789564074636745161e+00 6.557599999999999540e-02
1.814434348312105483e+00 6.618400000000000671e-02
1.839650253932951118e+00 6.680700000000000527e-02
1.865216594881959011e+00 6.743000000000000382e-02
1.891138241296298261e+00 6.806600000000000150e-02
1.917420130995344474e+00 6.870099999999999818e-02
1.944067270421284910e+00 6.934600000000000486e-02
1.971084735592796289e+00 7.000499999999999778e-02
1.998477673071980210e+00 7.066100000000000159e-02
2.026251300944727163e+00 7.133100000000000551e-02
2.054410909814713637e+00 7.200600000000000056e-02
2.082961863811211067e+00 7.269000000000000461e-02
2.111909601610897802e+00 7.338500000000000578e-02
2.141259637473874822e+00 7.407700000000000395e-02
2.171017562294078829e+00 7.478600000000000525e-02
2.201189044664290773e+00 7.550300000000000067e-02
2.231779831955948978e+00 7.622099999999999709e-02
2.262795751413966272e+00 7.695299999999999363e-02
2.294242711266761159e+00 7.769299999999999817e-02
2.326126701851723766e+00 7.843999999999999584e-02
2.358453796756307508e+00 7.919400000000000051e-02
2.391230153974993833e+00 7.995499999999999829e-02
2.424462017082328114e+00 8.073299999999999921e-02
2.458155716422259829e+00 8.150799999999999712e-02
2.492317670314009970e+00 8.229799999999999616e-02
2.526954386274698816e+00 8.310199999999999532e-02
2.562072462258964123e+00 8.390400000000000635e-02
2.597678587915805082e+00 8.472100000000000464e-02
2.633779545862898086e+00 8.554599999999999704e-02
2.670382212978616110e+00 8.637799999999999645e-02
2.707493561712005725e+00 8.722499999999999698e-02
2.745120661410976659e+00 8.807900000000000451e-02
2.783270679668934378e+00 8.894100000000000616e-02
2.821950883690142131e+00 8.981000000000000094e-02
2.861168641674049162e+00 9.069399999999999684e-02
2.900931424218863519e+00 9.158499999999999974e-02
2.941246805744624382e+00 9.249100000000000377e-02
2.982122465936057676e+00 9.340099999999999791e-02
3.023566191205478315e+00 9.432100000000000206e-02
3.065585876176026847e+00 9.525999999999999746e-02
3.108189525185516722e+00 9.620199999999999585e-02
3.151385253811183951e+00 9.715799999999999437e-02
3.195181290415621156e+00 9.811999999999999889e-02
3.239585977714206422e+00 9.909500000000000253e-02
3.284607774364302291e+00 1.000899999999999984e-01
3.330255256576548639e+00 1.010800000000000032e-01
3.376537119748549642e+00 1.020900000000000002e-01
3.423462180121258136e+00 1.031099999999999933e-01
3.471039376458385117e+00 1.041500000000000065e-01
3.519277771749146133e+00 1.051900000000000057e-01
3.568186554934670962e+00 1.062400000000000011e-01
3.617775042658408768e+00 1.073100000000000026e-01
3.668052681040855134e+00 1.083900000000000002e-01
3.719029047478943806e+00 1.094799999999999940e-01
3.770713852470455763e+00 1.105899999999999939e-01
3.823116941463761798e+00 1.116999999999999937e-01
3.876248296733290299e+00 1.128299999999999997e-01
3.930118039281052855e+00 1.139700000000000019e-01
3.984736430764593607e+00 1.151299999999999962e-01
4.040113875451736725e+00 1.162900000000000045e-01
4.096260922202493937e+00 1.174700000000000050e-01
4.153188266478522905e+00 1.186699999999999977e-01
4.210906752380505935e+00 1.198700000000000043e-01
4.269427374713844259e+00 1.210999999999999993e-01
4.328761281083059131e+00 1.223400000000000043e-01
4.388919774015304753e+00 1.235900000000000054e-01
4.449914313113390918e+00 1.248500000000000026e-01
4.511756517238715070e+00 1.261299999999999921e-01
4.574458166724551411e+00 1.274200000000000055e-01
4.638031205620082531e+00 1.287300000000000111e-01
4.702487743965627409e+00 1.300499999999999989e-01
4.767840060099483246e+00 1.313900000000000068e-01
4.834100602996831419e+00 1.327399999999999969e-01
4.901281994641140116e+00 1.341100000000000070e-01
4.969397032428531702e+00 1.354899999999999993e-01
5.038458691605562478e+00 1.368900000000000117e-01
5.108480127740875787e+00 1.383000000000000063e-01
5.179474679231209855e+00 1.397400000000000031e-01
5.251455869842239998e+00 1.411799999999999999e-01
5.324437411284708155e+00 1.426399999999999890e-01
5.398433205826380643e+00 1.441199999999999981e-01
5.473457348940288014e+00 1.456199999999999994e-01
5.549524131989779008e+00 1.471399999999999930e-01
5.626648044950883332e+00 1.486699999999999966e-01
5.704843779172505513e+00 1.502199999999999924e-01
5.784126230174991612e+00 1.517900000000000083e-01
5.864510500487572386e+00 1.533700000000000063e-01
5.946011902525247805e+00 1.549800000000000066e-01
6.028645961505652906e+00 1.565999999999999892e-01
6.112428418406469000e+00 1.582399999999999918e-01
6.197375232963906022e+00 1.598999999999999866e-01
6.283502586712889304e+00 1.615800000000000014e-01
6.370826886069482775e+00 1.632699999999999985e-01
6.459364765456145463e+00 1.649799999999999878e-01
6.549133090470427021e+00 1.667200000000000071e-01
6.640148961097702696e+00 1.684700000000000086e-01
6.732429714968547252e+00 1.702599999999999947e-01
6.825992930661387348e+00 1.720500000000000085e-01
6.920856431051046975e+00 1.738699999999999968e-01
7.017038286703829897e+00 1.757100000000000051e-01
7.114556819319781233e+00 1.775700000000000056e-01
7.213430605222809433e+00 1.794499999999999984e-01
7.313678478899267255e+00 1.813500000000000112e-01
7.415319536585753823e+00 1.832799999999999985e-01
7.518373139906757707e+00 1.852199999999999958e-01
7.622858919562853330e+00 1.872000000000000053e-01
7.728796779070158607e+00 1.891799999999999871e-01
7.836206898551762556e+00 1.911899999999999988e-01
7.945109738581834335e+00 1.932399999999999951e-01
8.055526044083167747e+00 1.953000000000000014e-01
8.167476848278880652e+00 1.973799999999999999e-01
8.280983476699038448e+00 1.994900000000000007e-01
8.396067551242973437e+00 2.016300000000000037e-01
8.512750994298015073e+00 2.037799999999999889e-01
8.631056032915513043e+00 2.059699999999999864e-01
8.751005203044863734e+00 2.081800000000000039e-01
8.872621353826392721e+00 2.104199999999999959e-01
8.995927651943881997e+00 2.126800000000000079e-01
9.120947586037608801e+00 2.149699999999999944e-01
9.247704971178690059e+00 2.172800000000000009e-01
9.376223953405625977e+00 2.196200000000000097e-01
9.506529014323884752e+00 2.219899999999999929e-01
9.638644975769400602e+00 2.243799999999999961e-01
9.772597004536892840e+00 2.268100000000000116e-01
9.908410617173911916e+00 2.292599999999999916e-01
1.004611168484146155e+01 2.317400000000000015e-01
1.018572643824220592e+01 2.342500000000000138e-01
1.032728147261718732e+01 2.368000000000000105e-01
1.047080375281193376e+01 2.393699999999999994e-01
1.061632061841299546e+01 2.419800000000000006e-01
1.076385978895591045e+01 2.446000000000000119e-01
1.091344936920543418e+01 2.472699999999999898e-01
1.106511785450927654e+01 2.499699999999999978e-01
1.121889413622616516e+01 2.526900000000000257e-01
1.137480750722936662e+01 2.554500000000000104e-01
1.153288766748669580e+01 2.582400000000000251e-01
1.169316472971806853e+01 2.610600000000000143e-01
1.185566922513167398e+01 2.639199999999999879e-01
1.202043210923987360e+01 2.668099999999999916e-01
1.218748476775592415e+01 2.697399999999999798e-01
1.235685902257264601e+01 2.726999999999999980e-01
1.252858713782418221e+01 2.756899999999999906e-01
1.270270182603199771e+01 2.787200000000000233e-01
1.287923625433630015e+01 2.817999999999999949e-01
1.305822405081404547e+01 2.848899999999999766e-01
1.323969931088476315e+01 2.880199999999999982e-01
1.342369660380539997e+01 2.912000000000000144e-01
1.361025097925541694e+01 2.944100000000000050e-01
1.379939797401341650e+01 2.976599999999999802e-01
1.399117361872655252e+01 3.009499999999999953e-01
1.418561444477400357e+01 3.042799999999999949e-01
1.438275749122585268e+01 3.076400000000000245e-01
1.458264031189865229e+01 3.110600000000000032e-01
1.478530098250910640e+01 3.145100000000000118e-01
1.499077810792704746e+01 3.180100000000000149e-01
1.519911082952933157e+01 3.215299999999999825e-01
1.541033883265587967e+01 3.251000000000000001e-01
1.562450235416934063e+01 3.287200000000000122e-01
1.584164219011982411e+01 3.323800000000000088e-01
1.606179970351614728e+01 3.360799999999999899e-01
1.628501683220506990e+01 3.398200000000000109e-01
1.651133609686007020e+01 3.436199999999999810e-01
1.674080060908108081e+01 3.474499999999999811e-01
1.697345407960685648e+01 3.513299999999999756e-01
1.720934082664141940e+01 3.552600000000000202e-01
1.744850578429626253e+01 3.592299999999999938e-01
1.769099451114983523e+01 3.632600000000000273e-01
1.793685319892601981e+01 3.673299999999999899e-01
1.818612868129320148e+01 3.714500000000000024e-01
1.843886844278561554e+01 3.756200000000000094e-01
1.869512062784868789e+01 3.798300000000000010e-01
1.895493405001008824e+01 3.840999999999999970e-01
1.921835820117821214e+01 3.884400000000000075e-01
1.948544326106992131e+01 3.928099999999999925e-01
1.975624010676927611e+01 3.972300000000000275e-01
2.003080032241912178e+01 4.017200000000000215e-01
2.030917620904734733e+01 4.062500000000000000e-01
2.059142079452979246e+01 4.108399999999999830e-01
2.087758784369142262e+01 4.154800000000000160e-01
2.116773186854807776e+01 4.201799999999999979e-01
2.146190813869045755e+01 4.249299999999999744e-01
2.176017269181243563e+01 4.297500000000000209e-01
2.206258234438569232e+01 4.346099999999999963e-01
2.236919470248269093e+01 4.395499999999999963e-01
2.268006817275007592e+01 4.445299999999999807e-01
2.299526197353456070e+01 4.495899999999999896e-01
2.331483614616344369e+01 4.546899999999999831e-01
2.363885156638189144e+01 4.598700000000000010e-01
2.396736995594918085e+01 4.651000000000000134e-01
2.430045389439606751e+01 4.703999999999999848e-01
2.463816683094558968e+01 4.757600000000000162e-01
2.498057309659952452e+01 4.811799999999999966e-01
2.532773791639279182e+01 4.866500000000000270e-01
2.567972742181821388e+01 4.922199999999999909e-01
2.603660866342388758e+01 4.978299999999999947e-01
2.639844962358568026e+01 5.035199999999999676e-01
2.676531922945718733e+01 5.092799999999999550e-01
2.713728736609968450e+01 5.150799999999999823e-01
2.751442488979455092e+01 5.209700000000000442e-01
2.789680364154066439e+01 5.269399999999999640e-01
2.828449646073951484e+01 5.329500000000000348e-01
2.867757719907023883e+01 5.390599999999999836e-01
2.907612073455774393e+01 5.452200000000000379e-01
2.948020298583620402e+01 5.514599999999999502e-01
2.988990092661082798e+01 5.577699999999999880e-01
3.030529260032058758e+01 5.641599999999999948e-01
3.072645713500473263e+01 5.706200000000000161e-01
3.115347475837589286e+01 5.771399999999999864e-01
3.158642681310269040e+01 5.837599999999999456e-01
3.202539577230470513e+01 5.904399999999999649e-01
3.247046525526279481e+01 5.972100000000000186e-01
3.292172004334775437e+01 6.040400000000000214e-01
3.337924609617034122e+01 6.109599999999999476e-01
3.384313056795571839e+01 6.179400000000000448e-01
3.431346182414550583e+01 6.250099999999999545e-01
3.479032945823050227e+01 6.321700000000000097e-01
3.527382430881738173e+01 6.393900000000000139e-01
3.576403847693256211e+01 6.467100000000000071e-01
3.626106534356653555e+01 6.540700000000000403e-01
3.676499958746203589e+01 6.615400000000000169e-01
3.727593720314941805e+01 6.690899999999999626e-01
3.779397551923265297e+01 6.767199999999999882e-01
3.831921321692945526e+01 6.844299999999999828e-01
3.885175034886923839e+01 6.922000000000000375e-01
3.939168835815191017e+01 7.000699999999999701e-01
3.993913009767197053e+01 7.080300000000000482e-01
4.049417984971091045e+01 7.160699999999999843e-01
4.105694334580199012e+01 7.241699999999999804e-01
4.162752778687104183e+01 7.323699999999999655e-01
4.220604186365719812e+01 7.406500000000000306e-01
4.279259577741741793e+01 7.490200000000000191e-01
4.338730126091873984e+01 7.574600000000000222e-01
4.399027159972226997e+01 7.659700000000000397e-01
4.460162165376300436e+01 7.745999999999999552e-01
4.522146787922946487e+01 7.832799999999999763e-01
4.584992835074750417e+01 7.920500000000000318e-01
4.648712278387235131e+01 8.009100000000000108e-01
4.713317255789324633e+01 8.098600000000000243e-01
4.778820073895501253e+01 8.188699999999999868e-01
4.845233210350093600e+01 8.279699999999999838e-01
4.912569316204147185e+01 8.371600000000000152e-01
4.980841218325324604e+01 8.464199999999999502e-01
5.050061921841297163e+01 8.557599999999999651e-01
5.120244612617096180e+01 8.651999999999999691e-01
5.191402659766888661e+01 8.746899999999999675e-01
5.263549618200659097e+01 8.842700000000000005e-01
5.336699231206306848e+01 8.939300000000000024e-01
5.410865433067577612e+01 9.036600000000000188e-01
5.486062351718424424e+01 9.134700000000000042e-01
5.562304311434241555e+01 9.233500000000000041e-01
5.639605835560493574e+01 9.333099999999999730e-01
5.717981649279272460e+01 9.433200000000000474e-01
5.797446682414300057e+01 9.534099999999999797e-01
5.878016072274911608e+01 9.635700000000000376e-01
5.959705166539568211e+01 9.737999999999999989e-01
6.042529526179434640e+01 9.840900000000000203e-01
6.126504928422593821e+01 9.944600000000000106e-01
6.211647369759455017e+01 1.004899999999999904e+00
6.297973068989927015e+01 1.015400000000000080e+00
6.385498470312941066e+01 1.026000000000000023e+00
6.474240246458907677e+01 1.036599999999999966e+00
6.564215301865709762e+01 1.047299999999999898e+00
6.655440775898834715e+01 1.058000000000000052e+00
6.747934046116250784e+01 1.068799999999999972e+00
6.841712731578664375e+01 1.079700000000000104e+00
6.936794696205774358e+01 1.090600000000000014e+00
7.033198052179180593e+01 1.101599999999999913e+00
7.130941163392570559e+01 1.112600000000000033e+00
7.230042648949864770e+01 1.123599999999999932e+00
7.330521386711963316e+01 1.134700000000000042e+00
7.432396516892822547e+01 1.145899999999999919e+00
7.535687445705438847e+01 1.157100000000000017e+00
7.640413849058565177e+01 1.168299999999999894e+00
7.746595676304772837e+01 1.179599999999999982e+00
7.854253154040611662e+01 1.190900000000000070e+00
7.963406789959573473e+01 1.202199999999999935e+00
8.074077376758606306e+01 1.213500000000000023e+00
8.186285996098924045e+01 1.224900000000000100e+00
8.300054022621850436e+01 1.236399999999999944e+00
8.415403128020483337e+01 1.247800000000000020e+00
8.532355285167936643e+01 1.259300000000000086e+00
8.650932772302957119e+01 1.270699999999999941e+00
8.771158177273711942e+01 1.282200000000000006e+00
8.893054401840554135e+01 1.293700000000000072e+00
9.016644666038574485e+01 1.305199999999999916e+00
9.141952512600802550e+01 1.316699999999999982e+00
9.269001811442858241e+01 1.328200000000000047e+00
9.397816764209937901e+01 1.339699999999999891e+00
9.528421908886991787e+01 1.351299999999999946e+00
9.660842124472969772e+01 1.362800000000000011e+00
9.795102635720024864e+01 1.374300000000000077e+00
9.931229017938581194e+01 1.385799999999999921e+00
1.006924720186917313e+02 1.397299999999999986e+00
1.020918347862203319e+02 1.408800000000000052e+00
1.035106450468523036e+02 1.420299999999999896e+00
1.049491730700251253e+02 1.431699999999999973e+00
1.064076928812166187e+02 1.443200000000000038e+00
1.078864823141441462e+02 1.454599999999999893e+00
1.093858230636891591e+02 1.465999999999999970e+00
1.109060007395573564e+02 1.477400000000000047e+00
1.124473049206844735e+02 1.488899999999999890e+00
1.140100292103983151e+02 1.500299999999999967e+00
1.155944712923472366e+02 1.511900000000000022e+00
1.172009329872059737e+02 1.523300000000000098e+00
1.188297203101695487e+02 1.534799999999999942e+00
1.204811435292461397e+02 1.546300000000000008e+00
1.221555172243601106e+02 1.557600000000000096e+00
1.238531603472763436e+02 1.568799999999999972e+00
1.255743962823575117e+02 1.579900000000000082e+00
1.273195529081655621e+02 1.590999999999999970e+00
1.290889626599194173e+02 1.601900000000000102e+00
1.308829625928205189e+02 1.612800000000000011e+00
1.327018944462587058e+02 1.623699999999999921e+00
1.345461047089100362e+02 1.634500000000000064e+00
1.364159446847396282e+02 1.645199999999999996e+00
1.383117705599213991e+02 1.655799999999999939e+00
1.402339434706885868e+02 1.666400000000000103e+00
1.421828295721258542e+02 1.676900000000000057e+00
1.441588001079188643e+02 1.687400000000000011e+00
1.461622314810722685e+02 1.697799999999999976e+00
1.481935053256109143e+02 1.708099999999999952e+00
1.502530085792773491e+02 1.718299999999999939e+00
1.523411335572396013e+02 1.728399999999999936e+00
1.544582780268234785e+02 1.738399999999999945e+00
1.566048452832832538e+02 1.748299999999999965e+00
1.587812442266255459e+02 1.758099999999999996e+00
1.609878894395006341e+02 1.767800000000000038e+00
1.632252012661764695e+02 1.777500000000000080e+00
1.654936058926102191e+02 1.786999999999999922e+00
1.677935354276322357e+02 1.796399999999999997e+00
1.701254279852589093e+02 1.805600000000000094e+00
1.724897277681488106e+02 1.814799999999999969e+00
1.748868851522190084e+02 1.823800000000000088e+00
1.773173567724374209e+02 1.832699999999999996e+00
1.797816056098070305e+02 1.841399999999999926e+00
1.822801010795594436e+02 1.850100000000000078e+00
1.848133191205738228e+02 1.858600000000000030e+00
1.873817422860385022e+02 1.866900000000000004e+00
1.899858598353725370e+02 1.875099999999999989e+00
1.926261678274255473e+02 1.883099999999999996e+00
1.953031692149709500e+02 1.891000000000000014e+00
1.980173739405142044e+02 1.898600000000000065e+00
2.007692990334318210e+02 1.906099999999999905e+00
2.035594687084602299e+02 1.913300000000000001e+00
2.063884144655536090e+02 1.920400000000000107e+00
2.092566751911294318e+02 1.927200000000000024e+00
2.121647972607210306e+02 1.933799999999999963e+00
2.151133346430567315e+02 1.939999999999999947e+00
2.181028490055855684e+02 1.945899999999999963e+00
2.211339098214693308e+02 1.951500000000000012e+00
2.242070944780616060e+02 1.956900000000000084e+00
2.273229883868944796e+02 1.961999999999999966e+00
2.304821850951936142e+02 1.967000000000000082e+00
2.336852863989432763e+02 1.971600000000000019e+00
2.369329024575224594e+02 1.976099999999999968e+00
2.402256519099342995e+02 1.980399999999999938e+00
2.435641619926507531e+02 1.984299999999999953e+00
2.469490686590949906e+02 1.987999999999999989e+00
2.503810167007842438e+02 1.991400000000000059e+00
2.538606598701563541e+02 1.994499999999999940e+00
2.573886610051030743e+02 1.997400000000000064e+00
2.609656921552343647e+02 2.000100000000000211e+00
2.645924347098966791e+02 2.002400000000000180e+00
2.682695795279724393e+02 2.004399999999999959e+00
2.719978270694799107e+02 2.006099999999999994e+00
2.757778875290051701e+02 2.007600000000000051e+00
2.796104809709870551e+02 2.008799999999999919e+00
2.834963374668820393e+02 2.009799999999999809e+00
2.874361972342362037e+02 2.010499999999999954e+00
2.914308107776889187e+02 2.010699999999999932e+00
2.954809390319367708e+02 2.010899999999999910e+00
2.995873535066844511e+02 2.010600000000000165e+00
3.037508364336093223e+02 2.010099999999999998e+00
3.079721809153691083e+02 2.009199999999999875e+00
3.122521910766803899e+02 2.008199999999999985e+00
3.165916822174959293e+02 2.006699999999999928e+00
3.209914809683118619e+02 2.005100000000000104e+00
3.254524254476323790e+02 2.003099999999999881e+00
3.299753654216232235e+02 2.000900000000000123e+00
3.345611624659836139e+02 1.998299999999999965e+00
3.392106901300683717e+02 1.995400000000000063e+00
3.439248341032899248e+02 1.992199999999999971e+00
3.487044923838340083e+02 1.988799999999999901e+00
3.535505754497191333e+02 1.985100000000000087e+00
3.584640064322339867e+02 1.981100000000000083e+00
3.634457212917841957e+02 1.976799999999999891e+00
3.684966689961854058e+02 1.972299999999999942e+00
3.736178117014300710e+02 1.967500000000000027e+00
3.788101249349698492e+02 1.962399999999999922e+00
3.840745977815442416e+02 1.956900000000000084e+00
3.894122330715910039e+02 1.951400000000000023e+00
3.948240475722757310e+02 1.945500000000000007e+00
4.003110721811762005e+02 1.939300000000000024e+00
4.058743521226578537e+02 1.932900000000000063e+00
4.115149471469790683e+02 1.926199999999999912e+00
4.172339317321632279e+02 1.919300000000000006e+00
4.230323952886759002e+02 1.912099999999999911e+00
4.289114423669472558e+02 1.904700000000000060e+00
4.348721928677779260e+02 1.896900000000000031e+00
4.409157822556689439e+02 1.889000000000000012e+00
4.470433617751169777e+02 1.881000000000000005e+00
4.532560986699147065e+02 1.872500000000000053e+00
4.595551764054995942e+02 1.863799999999999901e+00
4.659417948943923307e+02 1.854999999999999982e+00
4.724171707247684822e+02 1.846000000000000085e+00
4.789825373922063250e+02 1.836799999999999988e+00
4.856391455346561656e+02 1.827299999999999924e+00
4.923882631706741790e+02 1.817499999999999893e+00
4.992311759409670344e+02 1.807600000000000096e+00
5.061691873532960813e+02 1.797400000000000109e+00
5.132036190307795778e+02 1.787099999999999911e+00
5.203358109636510562e+02 1.776599999999999957e+00
5.275671217645137858e+02 1.765900000000000025e+00
5.348989289271429470e+02 1.755100000000000104e+00
5.423326290888851418e+02 1.744099999999999984e+00
5.498696382967036698e+02 1.732900000000000107e+00
5.575113922769215833e+02 1.721400000000000041e+00
5.652593467087140198e+02 1.709799999999999986e+00
5.731149775013999488e+02 1.698199999999999932e+00
5.810797810755894943e+02 1.686299999999999910e+00
5.891552746482360590e+02 1.674299999999999899e+00
5.973429965216525943e+02 1.661999999999999922e+00
6.056445063765422674e+02 1.649699999999999944e+00
6.140613855691022991e+02 1.637399999999999967e+00
6.225952374322575906e+02 1.624700000000000033e+00
6.312476875810790489e+02 1.612100000000000088e+00
6.400203842224476602e+02 1.599199999999999955e+00
6.489149984690219526e+02 1.586200000000000054e+00
6.579332246575681893e+02 1.573099999999999943e+00
6.670767806717151416e+02 1.560100000000000042e+00
6.763474082691938065e+02 1.546699999999999964e+00
6.857468734136250532e+02 1.533500000000000085e+00
6.952769666109202262e+02 1.520000000000000018e+00
7.049395032503517768e+02 1.506499999999999950e+00
7.147363239503691830e+02 1.492699999999999916e+00
7.246692949092183653e+02 1.479100000000000081e+00
7.347403082604340625e+02 1.465200000000000058e+00
7.449512824332726950e+02 1.451500000000000012e+00
7.553041625181541576e+02 1.437500000000000000e+00
7.658009206371829123e+02 1.423499999999999988e+00
7.764435563198172758e+02 1.409399999999999986e+00
7.872340968837607988e+02 1.395199999999999996e+00
7.981745978211461079e+02 1.381099999999999994e+00
8.092671431900856760e+02 1.366800000000000015e+00
8.205138460116652368e+02 1.352400000000000047e+00
8.319168486724528293e+02 1.338100000000000067e+00
8.434783233326025993e+02 1.323900000000000077e+00
8.552004723396304371e+02 1.309500000000000108e+00
8.670855286479392134e+02 1.295199999999999907e+00
8.791357562441743312e+02 1.280899999999999928e+00
8.913534505784917883e+02 1.266399999999999970e+00
9.037409390018184467e+02 1.252000000000000002e+00
9.163005812091893176e+02 1.237700000000000022e+00
9.290347696892470140e+02 1.223100000000000076e+00
9.419459301799865898e+02 1.208700000000000108e+00
9.550365221308344417e+02 1.194299999999999917e+00
9.683090391711531311e+02 1.179899999999999949e+00
9.817660095852468203e+02 1.165499999999999980e+00
9.954099967939796443e+02 1.151000000000000023e+00
1.009243599843081370e+03 1.137000000000000011e+00
1.023269453898235156e+03 1.122900000000000009e+00
1.037490230747062469e+03 1.107599999999999918e+00
1.051908639308056763e+03 1.093599999999999905e+00
1.066527426146622247e+03 1.079800000000000093e+00
1.081349375998250935e+03 1.065900000000000070e+00
1.096377312299004871e+03 1.051900000000000057e+00
1.111614097723335135e+03 1.037199999999999900e+00
1.127062634729408956e+03 1.023700000000000054e+00
1.142725866111992900e+03 1.009200000000000097e+00
1.158606775563019482e+03 9.950499999999999901e-01
1.174708388239967235e+03 9.811600000000000321e-01
1.191033771342104956e+03 9.676599999999999646e-01
1.207586034694781802e+03 9.545400000000000551e-01
1.224368331341799831e+03 9.406099999999999461e-01
1.241383858146056809e+03 9.270300000000000207e-01
1.258635856398498163e+03 9.129099999999999993e-01
1.276127612435570200e+03 8.993299999999999628e-01
1.293862458265215309e+03 8.861900000000000333e-01
1.311843772201607862e+03 8.726699999999999458e-01
1.330074979508667184e+03 8.597500000000000142e-01
1.348559553052560659e+03 8.463100000000000067e-01
1.367301013963226296e+03 8.326299999999999812e-01
1.386302932305137801e+03 8.196600000000000552e-01
1.405568927757342635e+03 8.072099999999999831e-01
1.425102670302999286e+03 7.937899999999999956e-01
1.444907880928449458e+03 7.812299999999999800e-01
1.464988332332053233e+03 7.692600000000000549e-01
1.485347849642826759e+03 7.563600000000000323e-01
1.505990311149116224e+03 7.441400000000000237e-01
1.526919649037349927e+03 7.311999999999999611e-01
1.548139850141101761e+03 7.190699999999999870e-01
1.569654956700535195e+03 7.069999999999999618e-01
1.591469067132400824e+03 6.950199999999999712e-01
1.613586336810766625e+03 6.831099999999999950e-01
1.636010978858550743e+03 6.707300000000000484e-01
1.658747264950105318e+03 6.591900000000000537e-01
1.681799526124903196e+03 6.472799999999999665e-01
1.705172153612583770e+03 6.363100000000000422e-01
1.728869599669413901e+03 6.248299999999999965e-01
1.752896378426424917e+03 6.130999999999999783e-01
1.777257066749283240e+03 6.022800000000000376e-01
1.801956305110166113e+03 5.911800000000000388e-01
1.826998798471698592e+03 5.799400000000000110e-01
1.852389317183230332e+03 5.695999999999999952e-01
1.878132697889511292e+03 5.585700000000000109e-01
1.904233844452056019e+03 5.479800000000000226e-01
1.930697728883249511e+03 5.373400000000000398e-01
1.957529392293498404e+03 5.271700000000000275e-01
1.984733945851481394e+03 5.169799999999999951e-01
2.012316571757808561e+03 5.068300000000000027e-01
2.040282524232147580e+03 4.971700000000000008e-01
2.068637130514134242e+03 4.871300000000000074e-01
2.097385791878124564e+03 4.776299999999999990e-01
2.126533984662115927e+03 4.678999999999999826e-01
2.156087261310922713e+03 4.586500000000000021e-01
2.186051251433847483e+03 4.491600000000000037e-01
2.216431662877100280e+03 4.398799999999999932e-01
2.247234282811048161e+03 4.308199999999999807e-01
2.278464978832654651e+03 4.219800000000000217e-01
2.310129700083158241e+03 4.130199999999999982e-01
2.342234478381365989e+03 4.043399999999999772e-01
2.374785429372617727e+03 3.956000000000000072e-01
2.407788753693792387e+03 3.871899999999999786e-01
2.441250738154432838e+03 3.790999999999999925e-01
2.475177756934358058e+03 3.709999999999999964e-01
2.509576272797844467e+03 3.629299999999999748e-01
2.544452838324757522e+03 3.549200000000000133e-01
2.579814097158713594e+03 3.469999999999999751e-01
2.615666785272671405e+03 3.394699999999999940e-01
2.652017732252024871e+03 3.317800000000000193e-01
2.688873862595617084e+03 3.245000000000000107e-01
2.726242197034743185e+03 3.171100000000000030e-01
2.764129853870577335e+03 3.098899999999999988e-01
2.802544050330094706e+03 3.028500000000000081e-01
2.841492103940924608e+03 2.957899999999999974e-01
2.880981433925225701e+03 2.889499999999999846e-01
2.921019562613013022e+03 2.823300000000000254e-01
2.961614116875071886e+03 2.757299999999999751e-01
3.002772829575783362e+03 2.691899999999999848e-01
3.044503541046201008e+03 2.629199999999999871e-01
3.086814200577509837e+03 2.566999999999999837e-01
3.129712867935335908e+03 2.505800000000000249e-01
3.173207714895002482e+03 2.445700000000000096e-01
3.217307026798226161e+03 2.386900000000000133e-01
3.262019204131338483e+03 2.329400000000000082e-01
3.307352764125551857e+03 2.273399999999999865e-01
3.353316342379352136e+03 2.217099999999999904e-01
3.399918694503551706e+03 2.162600000000000078e-01
3.447168697789091766e+03 2.108500000000000096e-01
3.495075352898134952e+03 2.056399999999999895e-01
3.543647785578546973e+03 2.006100000000000105e-01
3.592895248402317975e+03 1.955199999999999994e-01
3.642827122528031396e+03 1.906400000000000039e-01
3.693452919487938743e+03 1.858499999999999874e-01
3.744782282999754898e+03 1.810400000000000065e-01
3.796824990803752826e+03 1.764699999999999880e-01
3.849590956525263664e+03 1.719100000000000072e-01
3.903090231563189263e+03 1.674900000000000000e-01
3.957333007004632236e+03 1.632000000000000117e-01
4.012329615566260600e+03 1.589500000000000079e-01
4.068090533562523888e+03 1.547699999999999909e-01
4.124626382901347824e+03 1.507499999999999951e-01
4.181947933107477184e+03 1.467100000000000071e-01
4.240066103373939768e+03 1.428500000000000048e-01
4.298991964642104904e+03 1.390800000000000092e-01
4.358736741710518800e+03 1.353300000000000058e-01
4.419311815373193895e+03 1.317699999999999982e-01
4.480728724587459510e+03 1.282399999999999929e-01
4.542999168672098676e+03 1.247599999999999959e-01
4.606135009535877543e+03 1.213400000000000034e-01
4.670148273937196791e+03 1.180400000000000060e-01
4.735051155774996914e+03 1.148300000000000015e-01
4.800856018411652258e+03 1.116899999999999976e-01
4.867575397027992949e+03 1.086300000000000043e-01
4.935222001011210523e+03 1.055999999999999994e-01
5.003808716375796394e+03 1.027300000000000019e-01
5.073348608218278059e+03 9.983699999999999519e-02
5.143854923205909472e+03 9.705600000000000338e-02
5.215341092100117748e+03 9.433500000000000218e-02
5.287820732314845372e+03 9.167599999999999361e-02
5.361307650510617350e+03 8.913400000000000489e-02
5.435815845224494296e+03 8.656700000000000506e-02
5.511359509536734549e+03 8.408999999999999808e-02
5.587953033774356300e+03 8.169300000000000173e-02
5.665611008252430111e+03 7.934199999999999586e-02
5.744348226053354665e+03 7.708399999999999974e-02
5.824179685844759661e+03 7.487900000000000111e-02
5.905120594736689782e+03 7.269799999999999873e-02
5.987186371178311674e+03 7.061800000000000022e-02
6.070392647895075243e+03 6.853700000000000070e-02
6.154755274866494801e+03 6.656199999999999617e-02
6.240290322345518689e+03 6.459700000000000164e-02
6.327014083919647419e+03 6.271300000000000485e-02
6.414943079614810813e+03 6.087800000000000156e-02
6.504094059042161462e+03 5.906999999999999751e-02
6.594484004588822245e+03 5.732199999999999795e-02
6.686130134652754350e+03 5.563599999999999796e-02
6.779049906922798982e+03 5.398700000000000027e-02
6.873261021704093764e+03 5.238000000000000295e-02
6.968781425289909748e+03 5.079600000000000087e-02
7.065629313380139138e+03 4.928400000000000142e-02
7.163823134547506925e+03 4.780100000000000321e-02
7.263381593751727451e+03 4.635299999999999837e-02
7.364323655902735482e+03 4.495999999999999996e-02
7.466668549473195526e+03 4.358800000000000174e-02
7.570435770161459004e+03 4.227600000000000108e-02
7.675645084605176635e+03 4.098999999999999866e-02
7.782316534146763843e+03 3.973399999999999849e-02
7.890470438651029326e+03 3.851000000000000256e-02
8.000127400375861725e+03 3.733800000000000313e-02
8.111308307896872066e+03 3.618600000000000289e-02
8.224034340086333032e+03 3.506100000000000189e-02
8.338326970147674729e+03 3.398899999999999838e-02
8.454207969705787036e+03 3.293299999999999700e-02
8.571699412954440049e+03 3.190899999999999986e-02
8.690823680861058165e+03 3.090700000000000044e-02
8.811603465430216602e+03 2.995199999999999946e-02
8.934061774026107742e+03 2.901199999999999959e-02
9.058221933755356076e+03 2.809800000000000145e-02
9.184107595910458258e+03 2.721399999999999861e-02
9.311742740475276150e+03 2.636099999999999902e-02
9.441151680692832088e+03 2.553100000000000161e-02
9.572359067696897910e+03 2.472500000000000045e-02
9.705389895207639711e+03 2.394400000000000001e-02
9.840269504292831698e+03 2.318200000000000122e-02
9.977023588194926560e+03 2.244099999999999914e-02
1.011567819722551940e+04 2.174500000000000044e-02
1.025625974372751989e+04 2.102199999999999902e-02
1.039879500710660795e+04 2.038500000000000034e-02
1.054331113893228212e+04 1.969999999999999876e-02
1.068983566811010678e+04 1.909900000000000139e-02
1.083839650612565129e+04 1.845799999999999871e-02
1.098902195236127227e+04 1.784399999999999875e-02
1.114174069948702709e+04 1.730500000000000094e-02
1.129658183892617853e+04 1.673699999999999841e-02
1.145357486639698800e+04 1.619400000000000006e-02
1.161274968753119174e+04 1.567599999999999896e-02
1.177413662357091016e+04 1.513899999999999968e-02
1.193776641714435755e+04 1.467199999999999928e-02
1.210367023812220759e+04 1.418900000000000022e-02
1.227187968955495126e+04 1.369399999999999958e-02
1.244242681369315869e+04 1.326600000000000001e-02
1.261534409809102544e+04 1.282800000000000086e-02
1.279066448179512736e+04 1.241699999999999922e-02
1.296842136161878079e+04 1.200000000000000025e-02
1.314864859850401990e+04 1.161200000000000079e-02
1.333138052397156389e+04 1.122000000000000081e-02
1.351665194666083880e+04 1.085700000000000033e-02
1.370449815896047767e+04 1.049300000000000059e-02
1.389495494373138899e+04 1.013099999999999938e-02
1.408805858112281385e+04 9.796600000000000794e-03
1.428384585548357063e+04 9.465799999999999909e-03
1.448235406236888230e+04 9.161700000000000052e-03
1.468362101564501063e+04 8.861799999999999539e-03
1.488768505469235242e+04 8.566900000000000556e-03
1.509458505170860917e+04 8.278000000000000635e-03
1.530436041911378379e+04 7.996299999999999589e-03
1.551705111705760828e+04 7.722599999999999604e-03
1.573269766103181064e+04 7.473999999999999741e-03
1.595134112958766855e+04 7.216499999999999825e-03
1.617302317216132360e+04 6.968300000000000188e-03
1.639778601700732906e+04 6.730100000000000145e-03
1.662567247924298863e+04 6.515199999999999637e-03
1.685672596900394274e+04 6.295499999999999881e-03
1.709099049971364002e+04 6.072700000000000320e-03
1.732851069646720498e+04 5.873100000000000022e-03
1.756933180453233945e+04 5.671599999999999732e-03
1.781349969796783625e+04 5.480600000000000402e-03
1.806106088836241543e+04 5.289300000000000251e-03
1.831206253369442857e+04 5.109200000000000373e-03
1.856655244731530183e+04 4.939699999999999994e-03
1.882457910705720496e+04 4.771100000000000341e-03
1.908619166446789677e+04 4.604600000000000359e-03
1.935143995417331826e+04 4.448999999999999830e-03
1.962037450337090559e+04 4.296000000000000339e-03
1.989304654145420864e+04 4.146099999999999786e-03
2.016950800977186736e+04 4.007100000000000418e-03
2.044981157152181913e+04 3.864400000000000040e-03
2.073401062178298162e+04 3.732699999999999820e-03
2.102215929768679416e+04 3.605099999999999971e-03
2.131431248872946890e+04 3.481699999999999899e-03
2.161052584722823667e+04 3.362700000000000151e-03
2.191085579892223905e+04 3.242800000000000109e-03
2.221535955372140961e+04 3.133299999999999887e-03
2.252409511660405769e+04 3.023500000000000146e-03
2.283712129866660325e+04 2.918800000000000040e-03
2.315449772832614690e+04 2.819200000000000005e-03
2.347628486267947301e+04 2.720399999999999988e-03
2.380254399901915895e+04 2.626900000000000155e-03
2.413333728651048295e+04 2.534699999999999974e-03
2.446872773802984739e+04 2.444099999999999832e-03
2.480877924216850079e+04 2.359200000000000099e-03
2.515355657540230823e+04 2.276100000000000085e-03
2.550312541443141527e+04 2.198499999999999933e-03
2.585755234869061314e+04 2.119900000000000083e-03
2.621690489303439244e+04 2.046800000000000095e-03
2.658125150059744556e+04 1.976200000000000005e-03
2.695066157583472523e+04 1.905400000000000019e-03
2.732520548774189228e+04 1.839899999999999999e-03
2.770495458326030348e+04 1.774799999999999989e-03
2.808998120086773633e+04 1.712500000000000046e-03
2.848035868435799057e+04 1.653200000000000069e-03
2.887616139681255299e+04 1.594600000000000054e-03
2.927746473476558094e+04 1.537100000000000011e-03
2.968434514256667535e+04 1.484000000000000076e-03
3.009688012694228746e+04 1.430899999999999924e-03
3.051514827176049585e+04 1.380900000000000009e-03
3.093922925299995040e+04 1.332199999999999964e-03
3.136920385392787284e+04 1.285200000000000014e-03
3.180515398048797215e+04 1.239700000000000047e-03
3.224716267690323366e+04 1.195799999999999901e-03
3.269531414149450939e+04 1.153699999999999908e-03
3.314969374271999550e+04 1.111999999999999924e-03
3.361038803543656832e+04 1.072299999999999989e-03
3.407748477738815563e+04 1.034399999999999990e-03
3.455107294592218386e+04 9.982999999999999253e-04
3.503124275493944879e+04 9.630399999999999681e-04
3.551808567207842134e+04 9.286599999999999890e-04
3.601169443613949989e+04 8.952699999999999851e-04
3.651216307475025678e+04 8.638400000000000505e-04
3.701958692227738356e+04 8.325900000000000228e-04
3.753406263798633154e+04 8.033200000000000540e-04
3.805568822445450496e+04 7.743900000000000176e-04
3.858456304623955657e+04 7.466900000000000490e-04
3.912078784880712192e+04 7.202000000000000502e-04
3.966446477772240178e+04 6.942699999999999783e-04
4.021569739810723695e+04 6.696200000000000025e-04
4.077459071436890372e+04 6.456199999999999613e-04
4.134125119020178681e+04 6.223399999999999809e-04
4.191578676886828907e+04 6.003599999999999779e-04
4.249830689376033843e+04 5.786199999999999590e-04
4.308892252924793866e+04 5.582000000000000156e-04
4.368774618181608821e+04 5.381099999999999555e-04
4.429489192149689188e+04 5.188799999999999923e-04
4.491047540359806590e+04 5.000900000000000180e-04
4.553461389073484315e+04 4.821900000000000166e-04
4.616742627516663924e+04 4.648100000000000170e-04
4.680903310144558054e+04 4.479600000000000140e-04
4.745955658937834960e+04 4.320400000000000173e-04
4.811912065730855829e+04 4.163600000000000048e-04
4.878785094572127127e+04 4.016199999999999935e-04
4.946587484117702115e+04 3.868699999999999873e-04
5.015332150057691615e+04 3.730599999999999823e-04
5.085032187576659635e+04 3.596200000000000026e-04
5.155700873848039919e+04 3.465799999999999784e-04
5.227351670563397784e+04 3.341999999999999919e-04
5.299998226496659481e+04 3.220300000000000050e-04
5.373654380104148004e+04 3.105299999999999966e-04
5.448334162160639244e+04 2.992700000000000264e-04
5.524051798432056239e+04 2.885000000000000194e-04
5.600821712385413412e+04 2.780200000000000249e-04
5.678658527936255996e+04 2.680299999999999935e-04
5.757577072234465595e+04 2.581899999999999929e-04
5.837592378488591203e+04 2.488799999999999888e-04
5.918719688829624647e+04 2.399199999999999933e-04
6.000974457214380527e+04 2.311600000000000026e-04
6.084372352369419241e+04 2.227899999999999998e-04
6.168929260775689909e+04 2.147899999999999950e-04
6.254661289694847073e+04 2.069200000000000043e-04
6.341584770237423800e+04 1.994499999999999962e-04
6.429716260473852890e+04 1.922500000000000109e-04
6.519072548588513746e+04 1.852199999999999919e-04
6.609670656077818421e+04 1.785000000000000020e-04
6.701527840992534766e+04 1.720799999999999923e-04
6.794661601225385675e+04 1.657600000000000122e-04
6.889089677844116522e+04 1.597699999999999967e-04
6.984830058471098891e+04 1.539099999999999952e-04
7.081900980709693977e+04 1.483699999999999906e-04
7.180320935618442309e+04 1.429900000000000116e-04
7.280108671233321365e+04 1.377799999999999988e-04
7.381283196139156644e+04 1.327400000000000064e-04
7.483863783090532525e+04 1.278999999999999918e-04
7.587869972683014930e+04 1.232399999999999923e-04
7.693321577075551613e+04 1.187299999999999966e-04
7.800238683764367306e+04 1.144099999999999973e-04
7.908641659409564454e+04 1.102499999999999964e-04
8.018551153714640532e+04 1.062300000000000044e-04
8.129988103360187961e+04 1.023699999999999973e-04
8.242973735991989088e+04 9.863099999999999808e-05
8.357529574264812982e+04 9.501399999999999527e-05
8.473677439942133788e+04 9.156599999999999711e-05
8.591439458053097769e+04 8.820800000000000656e-05
8.710838061106987880e+04 8.498600000000000251e-05
8.831895993366533366e+04 8.186699999999999392e-05
8.954636315180332167e+04 7.888999999999999854e-05
9.079082407375761250e+04 7.598800000000000498e-05
9.205257975712649932e+04 7.323399999999999712e-05
9.333187055399139354e+04 7.053600000000000364e-05
9.462894015670011868e+04 6.795800000000000224e-05
9.594403564428936807e+04 6.547500000000000585e-05
9.727740752954928030e+04 6.308900000000000532e-05
9.862930980674532475e+04 6.077600000000000222e-05
1.000000000000000000e+05 5.855700000000000195e-05
